1 0
0 84
0 115
0 141
0 151
1 229
1 56
2 88
2 237
2 269
4 3
6 293
7 19
7 65
8 133
9 33
10 102
10 248
11 48
10 79
11 188
12 175
11 198
12 279
13 204
15 158
14 165
14 258
16 121
15 214
15 301
17 74
17 60
19 89
18 145
21 10
21 113
21 226
22 268
24 24
23 140
23 232
28 241
29 80
29 102
30 133
29 180
29 192
29 37
30 170
30 5
30 175
32 0
31 160
32 204
32 155
35 124
34 150
35 254
37 48
37 283
37 91
38 216
38 299
40 0
39 70
40 14
41 112
40 224
41 229
41 263
47 27
46 62
47 236
49 141
48 43
49 103
50 191
49 241
50 169
50 178
49 182
50 186
50 272
49 317
50 135
51 147
51 157
50 164
51 195
53 77
54 57
55 127
54 203
55 296
56 307
56 22
57 208
57 7
58 37
57 122
58 254
58 279
61 90
61 116
60 216
65 225
66 49
65 66
67 108
71 1
70 146
69 286
70 159
70 232
71 103
70 172
72 80
71 181
73 186
72 267
74 135
74 29
76 15
77 126
76 304
78 75
77 200
79 204
79 254
78 291
81 119
82 91
83 213
84 293
83 315
84 0
84 114
84 55
86 12
86 243
87 219
87 70
88 159
88 167
88 278
89 318
88 153
89 171
89 177
89 25
89 146
92 245
91 262
92 103
91 191
92 295
94 36
94 131
96 317
98 97
96 190
98 203
98 229
97 265
97 281
98 63
98 79
100 304
102 251
101 49
103 123
103 286
105 269
105 7
106 115
106 156
107 90
106 142
106 151
107 166
106 206
108 252
108 272
110 74
111 59
111 107
110 177
112 19
112 182
112 213
112 238
112 296
113 305
116 45
115 258
116 85
119 5
120 193
120 219
119 315
121 138
121 287
121 307
122 126
122 30
123 152
123 162
122 310
124 97
123 121
125 44
126 174
126 115
126 243
127 266
127 56
128 220
128 70
129 95
129 245
130 291
131 200
131 204
132 79
132 112
135 92
135 288
134 312
137 56
136 182
137 199
138 274
138 17
138 69
138 110
137 134
137 227
138 140
140 154
140 184
140 296
140 159
141 222
142 203
143 44
142 309
143 265
145 310
148 85
148 255
148 260
149 71
148 290
150 237
152 311
150 119
153 103
152 123
152 44
153 57
153 176
152 281
153 18
153 30
154 235
155 131
155 164
154 218
155 144
156 196
155 259
157 152
157 275
157 159
159 72
158 234
160 87
160 191
161 213
163 91
162 109
166 273
164 310
166 185
167 212
167 45
166 108
169 122
168 291
168 61
168 180
173 0
171 95
171 174
172 77
172 164
173 133
173 159
174 154
174 66
176 20
176 229
177 252
179 200
179 273
179 4
180 104
180 262
179 279
180 35
181 50
182 82
184 270
184 108
185 219
187 294
186 67
185 186
185 190
187 22
186 114
187 242
188 308
189 86
189 8
190 117
190 179
191 53
192 166
191 212
193 156
195 72
194 127
194 293
195 55
194 133
195 140
196 27
195 41
196 93
197 274
195 278
196 253
199 98
200 203
199 228
199 196
200 292
201 263
204 78
202 276
204 60
203 105
203 225
207 290
207 30
207 112
207 190
207 242
207 305
208 15
208 172
209 118
208 157
209 258
210 46
210 66
212 272
212 83
213 0
214 129
215 66
214 90
215 210
216 288
216 318
216 139
217 254
218 36
218 231
218 21
218 147
221 197
222 8
222 72
222 99
222 156
223 302
222 164
223 169
222 176
223 247
223 58
224 105
225 110
225 267
225 287
227 79
227 184
227 217
231 43
232 123
232 236
233 281
234 27
234 135
235 297
235 257
236 14
237 66
236 92
235 212
237 149
238 62
238 128
238 200
238 207
238 264
239 0
239 276
