0 50
0 75
0 83
0 153
0 164
0 193
0 200
0 230
0 248
2 225
3 198
3 47
4 77
3 156
3 267
3 273
5 193
5 242
6 285
7 187
7 218
7 41
8 122
7 151
7 262
10 100
8 107
9 37
10 183
10 281
11 235
12 259
14 90
14 228
17 50
16 163
16 168
17 157
18 216
17 226
19 24
19 80
19 211
18 252
20 141
21 75
23 203
22 44
23 27
24 71
23 197
23 215
24 286
25 129
25 20
26 98
26 241
27 102
29 260
28 16
29 235
28 316
29 189
30 280
32 177
31 184
31 231
33 88
34 170
34 318
36 252
34 257
35 313
35 48
35 166
36 225
36 219
37 133
38 310
39 75
40 209
40 246
40 70
40 161
41 3
42 203
42 104
44 268
44 289
44 0
46 27
44 199
44 239
45 234
46 190
46 265
48 230
48 91
48 135
48 180
50 21
50 262
51 85
50 176
52 282
52 224
53 125
53 163
53 310
54 15
54 217
55 254
56 115
57 11
56 145
56 277
58 41
58 44
58 140
58 202
58 291
60 248
60 274
60 106
61 68
63 8
62 311
63 179
64 239
64 289
64 31
64 96
64 169
65 273
67 2
67 306
68 27
67 58
70 23
68 224
68 268
69 124
69 136
69 219
69 227
69 286
71 82
71 266
71 204
73 48
73 114
74 77
76 17
75 73
76 262
75 267
77 102
77 42
78 168
78 250
79 159
79 307
80 95
81 141
83 12
82 36
82 133
81 257
83 61
87 268
84 126
84 198
84 206
84 222
85 85
85 182
86 31
86 189
86 234
87 285
87 305
88 55
88 289
90 6
91 29
91 50
90 76
91 307
93 100
93 247
94 25
94 167
96 141
96 286
97 2
97 44
97 67
97 176
98 185
98 89
98 124
99 204
100 210
99 63
99 114
100 255
101 22
100 215
102 221
102 226
104 76
103 215
103 289
103 306
105 232
105 263
105 1
105 102
106 54
106 287
109 94
109 236
109 241
110 140
109 289
110 157
111 177
110 310
111 133
112 167
113 187
113 246
113 120
114 194
113 273
114 64
114 86
116 11
116 112
116 292
117 205
119 218
118 254
120 105
120 313
122 9
122 295
122 227
123 282
124 72
123 97
126 129
127 138
127 234
127 22
127 157
128 162
128 152
129 173
128 315
129 125
131 115
131 41
133 186
132 81
133 17
135 193
137 76
137 99
137 225
138 54
138 252
139 7
139 277
141 93
140 200
141 34
143 207
143 23
144 31
144 67
144 237
146 123
144 174
144 280
145 88
145 257
146 261
146 44
147 131
147 286
147 0
148 117
148 83
149 147
149 153
149 184
148 216
149 305
149 18
150 60
150 246
153 226
152 266
153 103
153 1
154 37
154 75
153 193
153 290
155 55
156 169
156 274
157 97
157 295
158 0
158 72
160 49
160 233
160 256
161 13
160 205
161 67
162 90
161 238
165 27
164 64
164 122
166 85
167 129
165 192
165 282
167 117
166 244
167 45
167 134
168 150
169 288
169 12
170 111
169 157
170 160
170 199
170 217
172 43
172 26
173 59
173 79
173 106
172 119
172 222
172 271
175 171
178 256
175 225
177 40
177 74
176 219
177 175
178 182
178 294
178 313
179 25
179 95
180 223
180 216
182 231
180 319
181 136
182 281
183 54
183 92
183 192
184 24
183 70
185 10
186 264
186 318
185 86
185 115
186 226
187 122
187 131
187 136
187 197
188 237
188 301
189 53
188 87
189 23
191 70
191 109
189 152
189 271
190 115
191 156
191 161
193 173
192 242
192 285
193 104
193 167
193 201
192 207
193 266
195 37
195 318
197 303
197 69
196 272
198 176
198 180
197 212
199 84
199 101
199 217
200 184
200 275
201 53
202 255
203 94
204 132
203 290
203 25
204 122
204 185
205 10
205 137
205 225
204 278
207 87
205 127
207 194
206 233
206 263
206 308
207 70
207 189
208 259
210 110
210 152
211 11
211 54
211 200
212 234
212 264
211 293
213 158
214 163
214 27
215 89
214 282
214 309
215 42
215 109
217 207
216 240
217 71
218 106
217 202
218 55
219 126
219 171
218 269
220 14
220 89
222 111
221 129
221 176
222 246
223 312
222 0
223 73
222 211
223 30
224 218
226 93
225 135
224 177
225 183
224 318
225 273
227 0
227 250
228 17
228 59
229 114
229 150
228 155
230 190
229 214
230 224
231 49
230 76
232 0
233 119
233 97
233 153
234 164
235 158
235 80
236 192
237 0
237 35
237 203
237 169
238 62
238 127
238 164
