3 0
0 55
1 93
0 98
1 106
0 125
0 219
0 296
1 317
2 169
1 215
2 264
3 88
3 145
3 68
3 206
4 290
5 96
6 19
5 124
7 36
7 104
8 253
7 258
8 198
7 262
8 311
9 51
9 191
10 119
11 3
11 65
12 157
11 284
11 100
12 138
11 213
11 280
14 83
14 152
14 182
14 242
13 306
15 28
16 33
17 174
16 234
17 16
18 49
18 114
18 131
17 273
18 98
19 224
22 158
20 289
20 216
22 297
22 64
22 208
22 267
23 0
23 198
24 79
26 16
27 160
28 196
28 254
27 295
29 128
30 31
29 146
30 182
30 95
31 289
32 110
31 167
31 253
32 263
33 0
33 46
34 78
36 173
35 242
36 94
36 315
38 138
37 228
38 108
39 15
39 62
39 147
38 166
40 29
40 132
39 283
41 45
41 126
40 213
40 276
42 77
43 308
44 0
43 144
44 164
44 200
43 272
47 189
45 304
48 46
49 109
48 128
47 150
49 181
49 61
49 300
49 17
52 13
50 31
51 159
51 175
52 77
53 168
53 255
52 260
54 93
55 239
54 245
56 111
56 47
56 133
58 290
59 62
57 227
60 14
61 209
60 318
61 8
62 80
63 197
64 144
65 20
64 50
65 139
67 149
65 187
65 282
66 313
67 34
68 66
67 98
68 118
69 159
68 177
70 83
70 153
71 166
71 264
72 251
71 303
72 101
73 123
73 308
74 10
74 24
77 316
75 53
76 104
76 125
77 215
77 39
77 206
79 0
78 71
79 302
79 128
81 89
80 291
81 134
81 295
84 42
85 110
86 146
85 183
85 284
85 308
87 155
87 28
88 78
89 114
88 187
88 272
89 170
91 262
89 315
91 60
90 182
92 18
91 98
91 208
91 221
91 246
93 200
92 232
92 240
94 48
94 123
93 192
93 313
95 3
96 84
98 0
96 101
96 127
100 21
100 50
100 105
100 303
101 68
100 131
102 90
103 140
104 295
105 7
105 95
106 190
107 54
106 115
106 154
108 163
106 206
109 179
108 213
108 245
109 284
110 39
110 228
110 75
111 256
111 243
112 274
113 25
113 104
114 58
114 126
115 87
116 10
116 109
116 291
118 121
118 287
121 312
120 114
120 137
121 91
120 261
121 66
122 128
123 148
125 13
125 63
124 97
125 160
125 191
125 75
126 125
127 171
125 198
126 301
126 0
127 70
127 181
126 223
126 249
127 81
127 213
130 252
130 46
130 104
130 287
129 295
130 121
132 62
132 195
132 263
132 277
132 68
132 128
133 19
134 118
134 87
138 66
139 198
140 5
139 34
140 125
140 134
139 189
141 0
142 53
142 144
141 210
142 318
143 98
143 225
144 150
144 24
145 158
146 238
144 311
146 73
147 166
145 306
146 42
146 58
147 102
148 233
147 251
148 111
149 308
150 175
151 251
151 298
152 11
151 77
153 187
154 276
154 120
154 285
155 63
156 83
156 316
158 128
157 141
157 198
158 31
157 125
158 13
159 48
158 266
160 90
159 148
160 213
161 135
163 158
164 225
164 72
164 101
164 142
165 173
165 1
166 55
166 19
167 136
167 235
168 37
170 315
170 146
170 185
171 217
170 244
171 59
172 257
172 302
171 82
172 110
172 252
172 307
172 310
173 22
174 119
175 43
175 154
176 201
176 267
176 7
176 273
177 279
177 290
178 92
179 212
179 217
182 28
181 97
181 133
181 165
183 72
184 222
185 32
185 101
184 140
185 173
186 76
188 15
189 185
189 232
189 240
190 149
191 59
190 82
191 109
191 39
193 251
195 13
194 193
195 121
194 257
195 316
195 62
196 23
197 203
198 264
199 307
199 92
198 233
199 130
199 238
200 277
199 294
200 69
201 247
202 48
202 100
202 172
202 216
201 300
203 11
206 225
207 31
208 139
209 184
211 78
211 237
212 152
214 36
214 58
214 87
214 120
214 246
214 253
215 200
215 6
218 268
217 163
218 41
218 259
219 128
220 278
220 315
222 98
222 216
222 304
223 173
223 193
222 224
223 137
226 28
225 46
225 273
226 219
226 256
228 264
227 279
228 224
228 182
230 4
229 76
229 113
230 147
230 17
231 233
231 296
235 11
232 52
233 191
233 34
234 282
233 301
235 159
234 267
237 95
235 125
236 253
237 203
236 271
237 102
238 114
238 233
238 22
238 240
