1 0
0 40
0 111
0 139
0 263
0 273
2 268
2 16
3 88
5 199
6 108
7 132
7 53
9 185
8 190
8 225
9 24
10 80
9 176
9 221
11 121
12 162
14 9
14 61
15 148
14 253
15 93
17 90
17 140
20 56
21 131
22 185
22 196
23 191
23 205
24 210
25 66
26 99
26 160
26 220
28 229
28 40
28 149
29 0
29 13
29 152
30 246
31 144
31 241
33 77
35 132
35 91
35 123
35 258
39 185
39 198
39 175
39 191
40 169
40 211
42 120
41 205
42 57
43 149
43 217
44 227
45 84
46 116
46 141
48 98
49 288
49 137
50 251
52 255
52 6
52 111
52 131
54 168
54 177
53 192
53 210
54 257
54 43
57 93
57 267
58 124
58 148
59 278
61 18
62 105
63 277
63 236
65 92
65 116
64 138
66 195
68 64
69 173
69 134
69 165
68 291
69 204
70 18
70 30
70 76
71 110
71 154
71 257
73 183
73 51
73 221
76 90
78 106
78 233
77 270
78 122
79 199
81 64
84 77
84 106
84 163
84 171
84 213
86 52
87 41
87 121
88 183
88 258
89 65
90 92
91 189
91 228
92 107
91 153
94 130
94 197
96 163
98 93
97 240
98 8
99 79
99 201
99 211
103 178
104 222
104 113
106 81
105 296
107 97
108 9
109 134
109 235
110 117
110 160
113 203
114 140
115 169
115 253
116 259
116 291
118 102
118 122
118 51
119 86
119 180
120 149
121 27
121 65
122 71
125 156
124 192
126 109
126 92
127 132
127 276
128 30
128 162
129 42
129 141
131 113
130 204
132 57
133 174
134 141
135 81
135 100
134 166
135 180
136 219
137 259
138 46
138 185
138 123
139 64
140 150
142 268
142 87
143 158
143 197
143 232
145 108
145 131
146 36
146 70
148 92
148 168
148 241
150 138
151 8
151 117
153 217
153 181
154 78
156 102
159 157
159 194
160 28
159 65
159 130
159 226
160 52
161 110
162 265
164 169
165 117
166 140
167 272
168 54
168 74
169 179
169 241
169 123
172 22
173 152
174 81
174 190
174 44
176 160
176 12
177 131
178 109
178 198
178 234
179 31
179 87
182 140
181 205
182 115
184 95
185 21
185 177
185 217
187 0
186 4
188 39
188 59
190 269
192 81
192 158
193 192
195 30
197 203
196 244
197 167
199 249
199 13
200 209
202 254
203 257
204 221
207 187
209 0
209 42
210 6
210 233
213 32
213 70
214 238
214 201
216 13
217 76
218 209
220 38
223 219
223 252
224 20
226 0
226 65
227 89
229 48
233 30
234 11
234 73
237 56
236 176
238 107
238 208
