0 0
0 55
0 76
0 94
0 124
3 182
0 193
1 204
0 221
2 8
2 82
4 166
4 230
2 240
3 128
3 154
4 293
4 307
5 135
6 31
5 46
7 237
8 241
8 247
9 85
9 104
10 115
10 255
9 290
11 124
13 253
14 22
14 56
14 96
15 87
17 294
16 16
18 185
18 197
19 141
18 154
18 210
20 262
22 144
21 234
23 72
22 120
24 220
23 140
25 45
26 7
26 35
26 100
25 130
28 63
29 113
30 241
31 251
32 26
33 191
32 304
33 91
33 168
34 0
34 82
34 183
35 53
36 205
38 151
37 201
37 288
40 219
41 22
40 160
41 265
42 233
43 41
42 72
42 135
44 126
45 160
45 309
45 15
47 102
46 140
46 8
47 116
47 170
46 292
50 183
52 297
50 12
51 53
51 196
51 87
53 205
53 76
53 245
54 11
54 35
54 312
56 1
55 256
57 25
56 319
57 14
57 128
60 141
59 214
59 43
61 96
62 62
62 162
62 301
63 23
63 114
64 178
63 193
63 236
65 55
65 241
65 266
67 304
67 8
68 46
68 81
67 192
67 283
71 241
72 252
73 291
74 115
75 166
73 204
75 146
76 122
75 218
76 244
76 0
76 35
77 105
77 177
78 13
80 279
79 310
80 259
81 53
81 99
80 170
81 250
82 87
81 189
84 28
84 229
87 78
89 135
89 68
89 124
90 147
89 195
90 41
91 62
91 208
90 252
91 272
91 286
91 315
92 21
92 116
92 161
92 238
92 101
93 197
95 34
96 174
97 3
98 53
98 242
99 187
99 213
102 78
101 129
102 135
102 30
103 265
104 318
105 12
104 112
104 226
103 300
104 185
106 46
106 122
105 125
105 198
107 69
107 304
108 94
108 142
108 165
109 226
111 103
111 155
110 172
113 61
113 289
114 39
114 272
115 24
116 172
116 235
116 254
117 80
117 207
118 178
120 55
119 129
121 184
121 276
123 105
124 216
124 2
124 36
124 70
123 193
125 20
125 97
126 133
125 187
127 118
126 129
128 138
128 150
127 242
128 280
128 48
128 73
129 166
129 265
128 308
132 62
133 87
131 125
132 248
134 227
133 295
134 18
135 114
134 163
138 80
136 249
137 310
138 38
137 200
138 100
139 169
140 210
140 233
140 8
141 58
141 286
143 17
145 124
145 89
145 116
146 186
145 269
146 33
146 73
146 136
145 176
145 180
146 213
145 286
146 19
148 53
147 130
147 250
147 313
148 82
150 108
149 153
151 161
151 216
151 256
152 83
152 236
153 47
153 314
155 71
155 251
157 272
156 216
158 5
158 95
160 17
160 202
161 123
161 66
162 83
161 133
163 118
163 140
163 171
165 152
164 259
164 304
167 33
167 315
167 254
169 3
169 238
170 45
170 104
170 110
171 218
171 274
172 16
172 77
173 211
173 59
176 45
175 64
176 29
176 172
176 207
176 217
179 96
178 291
180 139
179 151
181 3
180 238
181 260
183 220
183 57
184 75
184 255
186 32
186 46
186 191
196 0
187 99
186 118
187 133
186 275
187 305
188 240
189 17
189 131
191 190
190 222
191 4
192 168
194 33
195 64
194 218
196 318
197 84
197 102
198 155
199 47
199 287
200 18
199 254
200 271
201 111
201 238
203 34
203 121
205 67
203 305
205 91
204 134
204 301
206 214
206 251
209 181
210 34
210 238
210 89
211 104
213 265
211 297
213 51
214 87
215 6
215 71
216 208
214 285
216 109
217 40
216 157
217 200
218 20
217 284
219 232
220 318
220 191
221 204
220 236
222 133
224 57
224 96
224 258
225 199
225 249
227 21
226 194
232 318
227 41
228 220
229 280
229 176
231 9
231 107
231 275
231 81
231 224
233 210
233 221
233 313
234 272
236 28
236 49
235 117
235 153
236 171
236 244
238 91
239 12
239 67
239 222
