0 0
0 30
0 68
0 156
0 190
0 278
1 316
2 57
2 302
2 180
3 195
4 307
5 78
5 130
6 1
7 273
7 190
7 278
8 284
7 16
8 92
7 211
7 289
11 27
9 110
10 245
9 265
10 150
11 124
10 171
11 257
13 203
15 55
15 236
16 182
15 252
17 2
17 90
17 230
18 144
18 295
18 316
19 39
20 73
20 168
20 196
21 222
21 106
23 141
23 121
22 292
22 299
24 191
26 160
25 214
27 279
27 70
27 294
28 267
29 212
30 254
30 119
31 258
32 202
33 134
33 179
34 248
35 69
35 153
38 131
36 238
37 174
39 83
37 296
39 98
38 113
39 197
39 11
39 37
41 148
41 307
44 222
43 23
44 173
46 80
46 269
45 318
46 36
47 145
47 279
48 53
48 66
48 188
48 258
50 310
50 165
49 264
49 283
50 288
50 317
50 11
51 172
53 244
53 251
52 296
53 143
53 147
55 176
53 265
55 182
57 39
56 318
59 77
58 160
59 228
62 217
62 287
62 137
63 292
64 155
65 210
66 176
65 299
68 11
67 132
70 257
69 310
69 37
70 267
69 318
71 117
71 155
73 204
73 61
74 251
74 86
74 174
75 267
76 241
76 274
75 283
76 169
76 294
78 24
77 128
77 188
77 226
79 48
80 141
80 10
80 104
82 220
80 302
84 293
85 60
84 114
84 150
85 211
84 300
85 313
86 139
85 277
87 24
86 85
87 181
87 73
88 292
90 274
91 205
91 162
92 241
92 253
93 58
93 197
94 9
94 101
95 232
96 262
96 147
96 215
98 23
97 112
98 134
100 57
98 288
100 98
99 227
100 84
103 292
103 192
103 214
102 246
104 143
105 307
107 71
107 251
108 314
109 56
108 120
108 301
108 10
108 155
109 210
108 310
110 85
110 185
111 96
114 71
113 141
114 204
113 235
114 257
115 318
114 167
115 242
118 56
118 198
118 181
118 273
119 25
120 227
122 220
122 288
121 84
122 300
124 71
124 163
125 177
124 212
125 296
127 130
131 12
130 84
130 118
132 174
132 209
132 250
133 260
132 295
132 315
134 57
133 311
134 27
135 159
134 268
136 204
137 236
137 244
135 273
136 96
137 144
138 42
138 70
139 188
138 225
138 259
140 277
140 171
141 219
141 312
142 247
142 128
143 141
142 287
144 0
144 57
143 83
145 185
145 72
147 197
147 212
147 293
147 97
147 108
150 169
151 43
152 209
151 258
153 127
155 269
153 139
154 297
154 182
156 303
156 0
155 29
156 57
156 119
157 241
158 229
159 199
159 308
161 72
164 251
163 220
164 282
163 310
165 196
166 318
167 3
166 18
167 60
167 99
167 85
172 0
168 152
168 291
170 44
169 258
172 164
172 299
173 73
175 177
177 86
177 151
176 163
177 227
177 236
178 124
179 19
179 98
180 205
180 222
180 245
182 46
181 73
181 127
182 190
183 281
184 304
185 176
187 254
189 101
188 214
190 292
189 313
190 21
189 88
190 115
190 263
191 318
191 207
192 75
196 240
197 162
197 63
198 150
199 102
198 277
199 294
200 21
202 224
201 247
200 272
202 277
202 301
203 208
203 116
204 10
205 253
206 90
207 175
208 50
208 162
208 286
208 307
208 129
209 153
210 27
209 77
210 159
212 205
210 261
212 210
212 235
215 106
215 190
215 269
214 296
214 318
215 118
217 156
217 78
218 305
216 311
219 246
219 223
218 290
219 145
220 173
220 240
221 318
221 67
222 159
222 195
223 297
226 0
224 28
225 106
227 53
225 121
226 208
226 252
227 178
229 232
229 259
231 282
231 95
230 214
232 67
232 81
231 109
232 303
232 161
234 181
234 196
235 17
235 240
236 34
235 125
236 218
235 267
237 164
238 201
237 288
238 54
238 186
238 300
239 3
