1 17
0 54
1 80
0 94
1 152
0 165
1 188
0 209
0 230
0 236
0 241
1 264
0 280
1 297
2 72
3 122
4 86
3 170
3 182
5 199
6 13
6 142
7 31
8 96
8 310
9 163
9 277
12 189
10 231
9 292
11 255
13 45
13 113
14 135
14 220
15 60
16 89
16 182
15 309
17 82
18 156
19 216
19 288
19 41
20 143
19 307
21 150
20 269
21 274
21 0
21 8
22 171
23 204
23 246
24 126
23 192
24 106
24 140
25 83
27 283
27 242
27 55
28 119
29 3
30 194
30 68
29 163
30 235
29 260
31 300
31 318
32 140
34 99
35 167
34 188
34 51
34 125
36 1
37 131
36 35
37 260
39 113
38 227
40 151
41 296
42 172
42 224
42 318
42 1
44 90
43 216
45 13
45 45
45 275
47 28
48 247
48 75
48 125
49 161
50 205
50 243
50 57
53 200
52 234
52 121
54 313
53 40
53 177
55 139
56 157
56 273
56 294
57 67
57 112
58 9
57 193
57 300
61 226
59 117
68 254
61 253
61 151
64 304
65 220
64 283
65 188
67 0
66 6
66 133
66 63
66 101
69 23
69 36
70 261
69 67
69 89
70 162
71 50
71 212
71 242
71 71
71 145
73 208
71 312
73 107
74 298
77 277
77 124
76 156
79 2
78 105
78 142
78 171
82 314
80 16
79 63
79 246
83 45
85 251
86 165
86 194
85 226
88 269
88 60
89 14
89 295
90 77
90 136
89 222
92 189
92 318
92 102
93 157
93 181
93 247
94 287
94 28
95 113
96 131
96 308
97 73
96 300
97 92
99 236
99 208
100 150
101 262
100 12
100 54
102 297
103 303
102 128
103 200
104 176
105 279
105 146
106 168
106 229
107 93
108 193
112 317
110 65
111 78
112 224
111 252
112 105
112 9
112 162
112 202
115 271
116 244
116 295
115 314
117 22
116 138
117 215
120 117
121 207
121 133
122 197
124 278
122 99
123 47
123 60
125 260
124 268
127 285
127 310
126 72
127 112
127 6
127 85
128 129
128 242
129 228
133 0
132 4
133 301
134 21
134 69
134 232
135 253
135 224
136 279
135 164
136 172
138 109
137 124
137 144
137 306
138 5
138 81
146 0
139 96
140 211
141 245
143 296
141 55
143 21
143 34
146 166
142 176
143 318
145 120
147 239
146 3
148 271
147 49
147 65
147 106
148 191
148 172
149 91
151 18
150 76
151 314
153 291
154 52
155 56
155 33
155 168
158 226
159 62
158 104
160 145
159 213
159 139
161 75
161 46
163 6
163 220
163 251
163 302
165 271
165 205
167 241
167 9
168 189
170 87
170 72
171 104
172 264
173 292
176 318
174 230
176 173
176 5
176 34
176 72
177 107
177 312
178 61
180 139
180 212
180 283
180 306
182 291
181 122
181 184
181 195
182 200
183 82
183 106
184 246
184 49
184 61
185 9
185 22
185 36
187 269
188 318
188 83
189 167
190 315
190 101
191 237
191 49
195 56
194 150
194 310
194 63
194 177
195 25
195 74
196 217
196 226
196 291
197 208
197 186
198 250
198 253
200 317
199 102
199 159
200 107
201 308
203 11
204 240
204 301
205 139
205 170
205 231
206 273
206 51
208 42
208 65
207 175
208 310
208 316
209 110
210 189
211 46
215 86
211 228
212 70
213 220
213 27
214 207
213 258
214 14
214 160
216 75
216 246
217 1
217 44
217 239
218 56
220 284
220 138
221 169
222 73
223 276
223 16
223 311
224 58
225 179
225 188
226 183
226 95
228 111
229 213
234 0
233 96
229 253
230 205
230 299
231 242
233 18
236 32
233 224
234 48
238 139
238 5
238 105
238 131
238 277
238 316
