22 0
0 14
1 154
0 173
0 180
0 255
0 263
2 65
3 52
3 111
4 147
4 289
4 127
8 170
7 267
6 78
6 92
8 174
8 207
10 28
10 123
10 222
11 313
11 195
11 216
12 174
12 227
13 231
12 274
13 165
14 299
15 88
16 156
17 245
20 85
20 284
23 98
23 128
23 305
23 35
24 147
25 258
26 176
25 201
26 263
27 211
28 221
29 269
29 82
30 315
31 166
32 234
33 295
34 157
34 240
35 68
36 135
37 278
40 152
40 185
39 249
40 283
41 177
41 197
43 91
42 105
42 204
44 24
44 304
45 217
45 262
45 148
47 229
47 4
48 130
49 145
50 233
52 268
54 186
54 114
54 244
55 313
56 197
56 296
57 4
58 176
59 207
59 155
59 211
60 253
60 216
63 137
64 94
65 168
65 305
68 151
68 231
69 82
69 288
70 112
70 266
70 135
70 191
72 198
73 242
72 271
73 61
73 186
74 295
74 208
75 313
76 198
77 247
78 164
77 276
81 99
79 197
79 216
80 42
81 72
81 280
81 114
83 254
84 303
84 95
84 6
84 152
85 223
85 278
88 169
88 114
90 187
90 235
91 100
91 210
91 189
92 264
93 30
92 152
92 290
93 311
93 64
94 137
95 214
96 103
96 239
97 7
97 295
99 44
99 177
99 144
100 32
102 161
101 246
101 140
101 275
102 65
102 299
104 125
103 225
104 317
105 8
106 184
106 204
106 120
107 229
108 209
107 281
108 45
109 164
109 303
109 91
111 108
110 146
111 286
111 23
113 128
113 190
113 212
113 237
114 93
114 149
117 195
117 11
119 111
117 292
118 60
119 174
119 218
120 133
120 153
121 83
123 200
122 279
123 24
124 97
124 179
124 247
125 50
126 65
125 114
126 226
129 81
127 160
128 206
129 302
128 38
128 86
129 118
129 27
130 100
130 140
129 230
129 286
130 164
131 52
131 253
133 189
132 272
134 3
135 145
134 215
136 105
135 168
136 288
139 0
136 16
136 41
136 125
137 69
138 194
139 27
139 309
140 55
141 220
140 242
142 174
142 294
143 151
144 130
144 200
145 4
147 112
147 268
147 281
149 17
151 158
150 97
151 135
151 207
151 34
153 117
153 185
154 258
154 100
156 213
157 142
157 304
157 49
157 165
159 239
160 63
161 264
160 23
161 37
161 105
162 89
162 125
162 171
161 289
163 145
164 244
165 79
165 199
166 271
166 51
167 66
167 224
168 294
168 13
169 40
168 110
168 176
169 204
168 248
169 94
170 181
171 132
172 27
172 56
175 278
175 0
175 209
176 298
176 3
177 86
176 215
177 31
179 18
179 120
179 258
180 141
181 192
182 47
183 263
183 284
184 34
185 125
185 150
184 222
186 8
186 244
187 176
188 267
187 305
188 97
188 110
188 35
189 202
189 22
190 130
190 156
189 247
190 65
190 81
192 11
194 228
194 83
194 182
195 110
196 254
198 115
196 208
197 232
197 0
197 189
199 140
199 213
200 167
202 276
203 0
203 119
203 145
202 216
203 260
204 193
206 6
207 244
207 296
208 175
209 78
209 151
210 200
210 223
211 99
213 156
211 179
213 63
214 130
215 250
215 23
217 206
217 185
217 233
217 52
217 267
218 110
219 158
220 41
220 138
220 163
220 301
221 70
222 268
223 16
223 29
222 286
224 216
225 92
226 192
225 45
227 146
228 120
229 76
229 256
231 60
232 21
231 35
232 151
232 175
233 276
232 100
233 128
233 51
235 224
236 34
236 292
236 66
236 156
236 202
238 131
238 12
238 175
238 228
238 234
239 160
