0 125
0 142
1 159
3 74
3 295
5 222
5 262
7 192
7 73
8 58
8 103
8 119
9 155
10 171
10 41
20 230
13 132
13 241
13 319
14 167
16 39
15 184
18 26
19 163
19 300
20 14
19 237
20 111
20 145
22 65
21 252
23 142
23 79
23 93
24 208
26 159
26 2
27 47
27 139
26 264
27 301
28 313
30 104
30 31
31 45
30 61
31 172
30 242
31 90
31 229
33 286
33 200
34 154
34 176
39 114
38 133
38 211
39 84
40 173
39 295
41 43
40 194
39 306
42 1
41 253
42 266
44 95
44 127
45 164
45 211
45 15
48 187
48 247
50 106
50 122
50 207
51 54
50 183
51 275
51 40
53 91
52 316
52 12
53 77
52 138
52 159
53 288
54 25
56 155
56 256
57 176
59 118
60 52
60 196
61 65
61 282
62 38
64 11
62 85
64 148
64 171
63 267
64 69
66 230
66 50
68 143
68 306
68 24
69 209
71 66
70 112
70 187
69 245
70 277
70 318
72 82
73 96
74 138
75 218
76 51
77 124
76 155
78 180
76 202
78 300
77 286
79 0
79 23
80 36
80 80
79 130
81 215
81 232
81 265
81 95
84 52
85 106
85 146
86 279
87 118
86 310
88 142
88 169
87 192
87 196
88 294
88 222
90 23
93 133
92 164
91 192
92 241
93 82
93 185
95 110
96 318
97 67
97 154
96 194
98 26
98 82
99 281
102 297
102 148
103 69
104 245
104 314
105 55
106 113
106 99
107 136
107 173
108 143
108 217
110 43
110 167
110 196
110 16
110 129
112 28
113 286
114 5
115 158
113 236
114 46
115 0
116 216
118 60
119 106
118 113
120 147
121 206
121 293
122 133
121 318
123 20
123 124
124 177
123 226
125 65
126 201
127 313
129 1
130 66
130 95
129 172
132 283
133 162
132 213
133 113
133 233
134 310
135 40
136 188
137 139
137 150
139 105
138 292
139 57
139 86
142 179
141 203
142 219
141 319
144 44
145 299
147 119
148 168
148 128
148 78
149 211
149 20
151 155
151 134
152 143
150 230
153 51
155 187
156 99
155 289
157 305
158 219
159 24
159 180
161 85
160 106
163 234
164 113
164 166
166 12
166 62
166 127
166 253
165 299
166 43
167 155
167 204
169 147
170 226
171 196
171 31
175 190
174 51
174 70
175 102
174 307
175 19
176 260
176 1
177 215
176 290
178 181
179 305
180 78
181 59
180 129
181 165
181 233
182 108
183 206
183 301
185 87
183 114
184 248
185 264
185 153
187 108
187 200
188 91
189 193
189 27
191 293
191 215
191 273
193 119
194 12
196 32
196 174
197 154
197 60
198 141
198 162
197 207
197 217
197 305
199 75
199 265
200 105
200 202
200 226
201 216
202 38
202 282
203 2
204 20
205 84
206 297
206 215
208 231
210 129
211 91
211 135
210 271
212 99
212 160
212 7
212 67
213 148
214 153
214 207
214 306
217 30
217 74
217 237
218 286
220 53
220 114
221 196
223 81
221 189
224 174
223 224
224 37
225 168
226 135
225 295
227 156
229 42
228 97
229 143
230 21
231 104
232 67
233 208
237 4
236 195
235 223
237 0
237 93
238 182
237 244
238 76
238 278
239 227
