4 2
0 25
1 40
1 60
1 173
0 178
1 206
1 102
1 134
2 253
3 8
3 227
4 288
6 74
5 95
5 125
5 131
6 165
5 273
6 54
6 160
7 269
9 20
9 91
8 96
9 192
9 6
11 156
11 303
11 33
12 68
11 219
12 241
13 47
12 111
13 144
12 214
13 138
14 317
15 184
15 284
16 15
15 262
16 1
17 28
16 107
16 175
17 86
17 209
19 134
19 63
20 82
21 317
21 0
22 41
21 166
22 232
23 298
24 125
24 153
24 253
25 78
25 101
25 200
25 193
26 23
28 37
30 52
30 117
30 183
30 265
29 282
31 18
30 95
30 143
30 178
31 318
31 0
31 24
31 247
32 74
33 56
33 314
34 21
35 35
35 112
34 137
34 173
35 295
36 50
36 165
37 0
37 13
36 61
37 54
37 195
38 278
38 239
40 24
41 88
40 191
41 211
42 45
41 71
42 108
43 128
43 150
43 259
43 155
45 57
44 237
44 292
46 86
46 232
47 9
46 143
46 177
48 43
48 71
48 106
49 273
49 308
50 203
50 22
52 8
52 122
52 166
51 252
52 32
53 84
53 225
52 272
54 69
54 290
54 55
54 248
55 99
57 155
57 189
58 56
58 110
58 128
59 148
59 69
59 99
60 243
60 267
61 133
61 141
62 20
62 42
62 7
63 57
62 181
64 115
65 82
64 283
64 300
64 304
65 200
67 43
68 100
68 70
68 173
70 21
69 193
70 212
70 58
72 125
72 160
72 43
73 85
73 8
74 33
74 138
75 21
76 107
76 229
76 58
77 154
77 185
76 258
79 45
78 204
78 224
80 75
80 90
81 60
81 112
80 313
81 176
83 118
83 244
82 273
84 34
84 22
84 220
86 195
87 9
86 290
88 129
88 267
87 307
89 80
88 97
88 171
89 49
91 64
91 137
90 165
90 215
91 123
92 189
91 311
93 24
93 103
92 210
94 146
93 284
94 37
94 229
96 11
95 84
97 125
97 262
97 243
97 296
98 68
99 109
99 182
99 40
99 54
100 154
100 204
101 26
102 0
101 225
102 310
103 92
103 135
104 72
104 220
104 199
105 279
106 87
106 169
107 259
108 14
108 28
107 120
107 173
108 59
109 99
109 143
109 237
109 45
109 219
109 295
110 75
111 85
110 276
112 197
113 81
113 177
114 129
114 153
114 63
115 107
114 215
116 89
116 256
117 3
116 236
118 136
120 34
120 184
122 0
120 17
120 81
120 93
121 114
120 162
120 197
122 39
122 53
122 142
123 97
123 119
124 31
127 5
126 100
127 174
126 213
128 42
128 57
128 126
130 19
130 105
130 193
131 156
130 273
131 75
131 233
132 7
132 61
132 91
132 213
132 255
134 47
135 22
134 136
134 251
134 285
136 63
137 35
136 80
136 161
138 117
138 230
138 272
139 291
139 142
140 169
139 254
141 100
140 185
141 199
142 233
143 39
142 68
142 150
143 216
144 52
144 309
144 105
145 12
145 27
146 251
147 88
147 131
147 271
147 203
148 57
149 109
149 178
149 289
151 46
151 75
151 17
152 160
153 0
153 39
153 31
154 236
155 14
154 96
154 117
154 207
156 307
156 19
157 47
156 143
157 271
157 63
158 80
158 191
158 34
160 11
160 122
160 168
159 227
159 233
161 104
161 252
161 210
161 214
161 286
161 291
163 52
164 89
164 150
165 2
167 14
166 71
166 307
167 40
167 131
167 197
167 214
168 176
167 232
169 27
168 111
170 0
169 271
169 288
170 57
170 157
171 95
171 200
173 118
173 256
173 138
175 99
175 162
175 183
176 62
176 80
175 221
177 6
176 30
176 239
176 289
176 305
177 141
179 205
180 19
179 66
179 258
179 274
181 50
181 105
180 125
181 167
181 188
182 36
183 225
184 68
183 88
183 129
184 307
186 171
187 73
187 151
187 293
188 55
189 261
190 39
190 115
190 177
190 246
191 0
191 137
190 229
192 198
191 214
192 279
193 15
193 29
193 77
193 97
193 58
194 120
195 294
196 0
196 217
198 45
199 84
198 60
198 143
199 162
199 184
199 203
201 108
201 237
201 309
203 131
203 148
204 268
204 35
205 22
206 169
205 285
207 10
207 69
207 90
208 115
208 255
209 242
210 54
210 194
210 25
211 74
211 175
211 309
212 141
212 213
212 229
213 96
214 42
214 101
215 125
215 152
214 289
216 272
216 318
218 17
218 31
217 79
221 61
218 182
219 202
218 291
220 2
220 105
221 111
222 133
222 49
223 87
224 236
223 162
223 312
225 191
227 6
229 115
229 139
229 256
230 23
230 38
234 93
230 97
230 212
230 276
230 69
231 118
232 296
232 176
232 229
233 316
234 151
234 242
235 123
234 197
235 10
236 57
237 88
236 216
238 105
238 281
239 128
239 162
