0 15
0 242
1 263
0 285
3 215
4 192
4 134
4 170
4 14
6 79
7 260
9 281
10 37
12 186
11 165
11 233
12 8
12 93
13 254
18 316
19 204
20 228
16 301
19 68
19 27
21 158
22 249
21 63
23 121
23 139
25 23
27 198
26 155
29 223
28 63
30 133
29 174
29 281
31 18
30 80
31 318
35 291
35 280
39 53
40 108
38 127
40 166
41 90
42 125
41 186
44 164
46 306
47 142
49 120
49 251
50 303
53 0
53 19
53 178
54 210
53 284
54 229
55 177
57 300
59 192
59 281
59 316
58 135
63 242
60 262
61 79
61 94
61 131
61 172
63 205
66 148
67 296
66 318
67 203
70 275
70 125
72 185
73 49
76 198
74 123
76 218
76 32
75 235
75 292
78 252
80 178
79 309
81 139
84 118
84 212
82 289
85 155
89 286
90 246
93 227
94 263
96 92
95 149
100 240
102 202
103 18
102 106
103 124
102 319
106 297
106 0
106 256
108 318
107 72
108 278
110 101
111 177
112 250
112 41
112 118
114 272
114 313
114 318
114 70
115 136
117 82
115 116
118 218
116 224
117 134
120 192
119 291
119 247
120 267
121 38
121 310
123 112
122 223
124 243
123 239
126 79
126 21
126 170
127 213
126 287
128 189
129 146
128 234
129 128
132 261
131 108
132 206
134 282
135 3
134 91
135 234
137 162
134 186
137 208
134 214
136 60
138 143
140 122
138 184
138 318
138 16
139 105
141 255
140 279
144 138
143 313
147 203
143 223
145 229
146 274
146 29
144 43
145 158
148 102
149 177
149 249
148 311
151 117
150 70
152 84
152 134
152 288
156 307
156 222
155 25
156 153
157 8
156 67
158 242
157 24
157 38
160 185
158 265
159 97
161 130
165 167
165 6
167 216
166 303
168 258
167 280
166 48
167 35
169 94
169 146
169 236
173 318
173 126
174 195
177 76
174 144
176 275
176 297
178 160
176 212
177 4
179 91
179 124
179 140
180 230
180 45
182 105
182 249
183 314
183 270
185 209
186 1
188 44
187 156
188 89
188 189
189 293
190 27
190 244
190 119
191 137
189 310
192 224
192 57
193 103
194 204
193 263
193 309
196 71
198 87
198 171
198 277
199 153
201 27
198 41
199 186
200 220
200 12
202 135
199 305
204 117
202 201
203 287
205 54
204 256
208 217
207 316
208 168
210 198
210 70
211 84
209 100
211 255
211 39
211 115
213 149
212 270
212 299
215 24
215 318
217 215
217 313
218 233
219 99
218 69
218 84
220 251
220 195
222 280
222 39
221 69
224 131
222 266
226 23
226 115
226 148
226 212
226 309
228 179
228 248
228 263
227 294
228 7
231 38
230 67
233 100
233 291
233 83
234 193
235 53
236 276
236 23
236 130
237 246
235 263
237 308
237 178
