1 1
0 46
0 62
0 75
1 223
0 294
0 317
2 133
3 201
4 4
4 40
5 110
7 225
6 317
8 288
8 1
9 91
9 180
10 211
11 269
12 79
13 65
13 146
17 318
14 251
14 266
14 285
15 302
15 85
17 33
17 66
19 14
18 208
19 264
18 283
20 30
20 116
20 174
19 300
21 139
20 158
21 223
22 97
21 260
21 282
23 3
24 27
24 69
25 260
25 77
25 297
26 49
26 110
26 189
26 300
28 168
27 278
32 1
30 6
29 131
30 206
29 240
32 236
30 297
33 23
32 150
33 79
33 127
33 164
34 185
33 206
35 253
36 294
35 220
35 95
36 275
36 59
37 201
41 317
39 20
39 88
40 159
42 15
42 27
41 51
41 83
41 179
42 251
43 271
43 91
44 196
44 59
44 77
45 110
44 158
45 41
46 63
46 73
47 215
47 291
46 313
47 96
48 230
48 267
48 38
48 89
49 102
48 154
50 66
52 36
52 171
53 311
51 318
52 19
53 289
53 56
53 211
54 32
54 244
55 93
56 146
56 209
56 24
57 122
57 166
57 29
57 113
58 80
59 287
60 307
59 117
61 205
62 18
62 35
61 123
61 161
63 24
62 95
64 223
63 241
63 27
63 44
63 136
65 50
65 58
65 67
66 117
65 202
65 284
67 180
68 11
68 96
68 27
69 154
68 265
69 305
71 218
69 260
72 281
72 17
71 34
72 104
71 201
72 117
73 97
75 28
75 302
76 82
75 142
75 197
77 172
77 34
78 43
79 247
78 262
78 49
78 74
79 232
79 53
80 279
80 64
83 302
83 164
84 192
84 0
85 119
87 276
88 154
88 229
87 281
88 210
89 107
89 301
90 3
90 35
93 318
92 97
93 46
92 85
93 181
94 58
94 71
95 240
95 259
94 278
98 274
97 106
99 223
98 12
100 172
101 20
101 202
101 255
100 299
103 159
104 318
105 197
105 235
105 31
107 217
105 253
106 45
106 142
109 292
108 59
108 74
108 102
108 129
110 112
111 272
111 251
114 317
113 62
113 186
113 57
114 232
114 16
114 214
118 56
118 164
117 172
118 211
119 62
118 140
118 151
119 288
119 135
121 268
121 251
123 47
122 96
123 249
124 316
125 36
125 228
126 114
125 251
126 181
126 194
126 301
127 125
129 51
129 208
129 249
131 143
133 266
132 284
133 66
134 75
133 151
133 219
134 224
136 316
136 300
136 84
137 90
136 165
138 231
137 32
138 181
138 250
139 47
140 283
139 40
140 104
140 13
141 191
142 111
142 266
142 298
142 57
146 315
144 206
144 65
144 249
145 20
146 125
147 266
147 133
147 282
147 297
148 79
148 234
149 250
150 34
150 89
149 142
151 217
153 281
152 161
152 268
153 5
154 95
154 168
153 299
154 11
156 50
155 180
158 315
157 61
157 18
158 187
158 224
158 295
159 111
158 242
160 73
159 251
163 125
163 204
164 256
165 140
165 296
165 1
167 36
167 88
166 274
168 150
170 159
169 215
170 277
173 318
170 44
171 55
172 260
171 12
173 170
172 295
171 314
172 96
175 22
175 64
175 106
175 239
177 225
178 312
178 182
178 264
180 77
180 195
179 297
182 132
183 3
184 39
184 145
184 203
184 268
184 283
184 316
184 94
185 9
186 297
186 256
188 211
188 252
189 15
189 162
189 273
188 318
190 51
189 106
191 59
192 23
192 118
193 174
194 224
196 69
197 127
196 278
196 299
198 77
198 36
199 135
198 189
199 264
200 238
200 4
201 87
202 282
201 301
201 244
204 47
205 96
204 248
206 205
205 235
205 269
207 158
208 151
208 244
209 304
209 21
209 272
210 166
211 61
211 110
212 30
211 220
213 72
214 173
213 250
216 3
215 122
216 179
215 184
217 127
217 37
218 227
218 256
218 83
219 308
221 13
224 199
223 288
224 50
223 95
224 164
225 140
226 238
226 59
227 103
226 149
226 270
227 263
230 28
230 111
229 164
229 169
230 186
232 294
231 67
232 207
231 242
233 159
235 218
234 274
235 250
235 78
237 6
236 40
237 125
238 12
237 172
238 0
238 73
238 115
239 48
