1 1
0 36
1 81
2 126
0 187
2 220
0 259
0 271
2 100
3 154
3 301
4 179
4 215
6 3
5 33
6 148
6 258
8 74
9 119
9 171
8 200
11 143
9 205
9 210
10 291
12 73
11 244
13 59
13 114
13 196
13 1
13 29
14 317
15 166
14 283
16 231
17 137
17 291
18 103
18 187
18 223
18 273
18 18
18 85
19 22
20 56
21 108
20 113
20 159
22 299
21 310
22 130
23 259
23 23
23 181
24 214
24 294
24 39
26 208
26 79
26 96
26 108
26 151
27 249
28 7
29 53
30 314
30 150
30 175
31 240
32 200
33 77
33 121
33 169
34 275
34 91
34 285
33 318
35 34
35 144
36 193
39 139
38 230
38 4
38 17
38 103
38 121
39 161
39 263
39 306
39 61
39 74
39 186
39 297
41 221
42 164
42 179
43 256
44 32
44 215
45 169
46 290
46 0
46 16
47 57
47 131
47 46
48 155
47 206
50 97
50 280
50 69
51 111
51 189
51 200
52 244
53 236
53 313
53 29
55 150
54 182
56 126
57 172
56 269
57 223
57 66
57 92
59 40
60 299
59 306
62 145
61 52
62 264
63 106
63 211
62 214
64 163
64 204
65 124
66 256
66 4
67 248
68 140
67 291
69 0
68 50
69 74
69 90
69 201
71 281
71 315
73 124
72 236
72 86
74 158
73 192
73 102
74 272
75 228
75 311
76 36
76 60
77 179
78 118
77 139
77 197
79 71
80 223
81 153
81 263
83 99
81 299
83 33
84 252
85 72
85 173
84 294
85 58
86 206
86 213
87 21
86 113
87 136
87 150
87 82
90 166
90 241
90 245
89 279
90 285
91 57
92 196
92 317
92 70
93 31
97 83
94 137
95 123
96 233
95 269
96 43
96 99
96 193
97 146
97 226
96 312
98 166
98 189
97 308
98 88
99 265
100 69
100 112
101 136
102 57
102 98
103 181
102 299
103 79
103 163
103 211
104 218
104 123
105 207
105 15
106 151
105 185
107 252
108 44
110 0
108 30
109 100
109 285
110 166
112 78
112 181
112 240
112 112
113 4
115 124
115 140
114 310
117 41
117 152
116 174
117 272
117 15
117 201
118 224
119 103
120 267
119 29
119 193
121 258
120 172
121 298
122 0
121 217
122 283
123 117
123 293
124 56
125 131
126 179
126 43
127 316
127 106
127 160
129 15
128 81
130 148
129 245
131 121
131 293
132 186
132 308
133 235
135 1
134 95
134 168
135 222
135 297
135 42
135 136
136 151
136 205
135 277
137 195
136 200
137 213
136 262
137 292
139 98
139 110
139 67
140 123
140 15
141 27
141 55
140 279
142 318
143 313
144 157
145 252
146 0
145 41
146 129
146 184
148 239
149 84
150 249
151 15
151 193
150 201
150 299
150 303
152 230
151 295
153 2
153 222
152 282
154 43
154 99
156 87
156 172
155 281
155 291
157 56
158 103
158 136
159 73
160 110
163 19
163 158
163 299
164 3
164 46
164 184
165 32
166 247
166 255
166 103
166 191
167 285
166 307
167 60
167 312
169 235
168 240
168 260
168 303
169 92
170 131
170 118
170 148
171 166
170 206
171 219
172 47
173 173
172 230
175 31
176 179
180 63
177 95
178 110
178 278
178 289
180 157
180 185
181 80
180 192
181 260
182 290
183 318
183 124
184 138
184 245
184 271
185 209
186 250
184 283
185 47
186 203
187 114
187 168
187 231
186 310
189 33
187 142
187 280
189 66
188 215
190 6
190 85
189 240
190 147
191 20
191 255
192 131
193 173
194 52
195 152
195 182
196 37
196 69
196 104
198 91
197 187
197 315
199 120
199 294
199 8
201 37
200 65
201 160
200 198
201 107
202 276
202 283
204 52
203 74
203 204
204 212
205 141
205 168
206 244
207 92
206 238
207 263
207 22
207 125
207 176
208 252
209 231
209 8
210 57
210 128
213 37
212 184
211 315
215 26
215 78
214 299
216 154
215 305
217 10
217 64
217 98
217 114
216 158
216 191
218 133
219 286
218 293
220 199
220 276
221 84
220 245
222 216
222 63
223 101
222 136
222 176
223 235
223 242
223 262
224 12
224 26
224 41
223 226
224 254
225 120
225 54
228 85
228 147
227 171
231 55
230 185
232 70
232 44
233 128
233 107
233 151
233 180
235 291
234 296
234 304
236 196
236 92
238 160
238 202
238 15
238 124
238 215
238 284
238 309
