0 13
0 27
0 42
0 68
2 127
0 182
0 205
1 215
0 272
0 289
3 46
3 106
5 83
6 155
5 272
5 281
5 171
6 265
6 292
7 199
7 25
9 119
8 299
9 307
10 6
10 24
9 138
10 254
12 38
12 151
11 318
13 0
13 58
13 189
13 244
14 94
15 234
17 145
19 73
17 128
18 220
22 33
19 109
22 168
21 267
23 104
23 206
23 51
24 86
23 283
25 118
26 47
28 158
26 198
27 303
28 66
28 13
29 314
29 132
31 188
32 152
33 95
32 129
33 244
35 180
35 255
37 147
37 219
36 233
36 110
38 267
37 92
39 123
38 59
40 209
40 286
41 70
42 54
45 19
44 85
42 292
45 139
45 167
45 299
45 4
45 32
46 194
46 118
48 99
50 309
51 132
51 272
53 13
54 46
53 64
53 156
52 180
53 95
54 27
55 77
57 227
54 236
57 150
56 280
57 241
58 221
59 125
60 213
58 246
60 254
60 171
59 207
59 285
61 290
61 89
61 106
61 249
62 318
64 191
63 202
65 39
66 140
65 21
65 102
66 72
66 262
68 181
69 116
69 302
70 266
72 34
73 167
72 94
75 81
76 130
76 273
77 307
80 10
77 67
78 109
80 228
78 280
79 49
80 153
81 242
82 30
82 210
81 219
83 234
87 46
85 193
84 205
87 147
86 281
87 312
86 122
86 264
87 102
89 293
90 4
90 179
88 252
90 27
94 76
93 141
94 173
93 262
93 25
94 115
97 58
98 0
97 136
99 164
99 41
97 159
98 296
100 237
101 217
101 269
102 132
103 16
104 128
105 156
103 210
104 226
106 246
106 301
108 69
107 106
106 218
107 276
109 52
109 87
111 191
113 124
110 308
114 149
112 227
115 318
114 220
113 23
115 102
115 279
116 181
114 195
117 254
117 311
117 32
116 304
119 9
117 292
119 47
119 145
121 65
120 117
121 149
122 176
123 260
121 287
123 80
123 234
124 143
126 135
128 113
125 255
129 166
126 171
131 4
132 58
132 313
132 0
130 216
133 238
135 127
133 209
133 307
135 275
134 42
135 198
137 318
135 290
136 109
140 73
139 190
137 203
140 224
139 263
140 14
139 107
139 142
142 159
139 308
143 55
142 313
143 0
143 243
142 125
146 181
146 88
148 120
146 223
148 24
150 102
146 208
149 290
149 172
150 198
152 226
153 248
154 152
152 36
154 175
152 273
153 312
154 22
157 67
156 135
155 169
155 269
158 116
157 194
157 10
158 273
163 228
160 98
164 209
163 249
163 167
162 286
162 133
163 310
168 48
167 268
164 80
164 115
167 134
170 147
170 162
170 212
170 95
171 208
173 246
173 5
173 293
175 188
174 229
174 266
175 316
175 132
177 111
177 164
178 16
176 262
177 63
177 270
183 76
181 183
180 293
183 245
181 302
184 130
182 166
182 267
185 146
185 287
187 27
186 226
190 0
187 294
187 214
187 266
188 163
189 241
190 90
190 262
190 289
193 131
192 158
191 186
195 182
194 200
193 43
194 60
193 90
194 145
194 116
194 237
196 104
197 42
199 257
199 232
199 281
197 317
201 88
203 22
201 272
202 57
205 185
203 145
204 169
204 315
206 224
206 210
207 274
208 159
207 206
210 247
210 73
213 88
212 189
212 308
212 270
216 18
215 241
216 72
216 146
218 28
218 57
218 132
218 264
221 233
221 117
223 71
223 215
224 260
224 40
223 132
224 208
224 226
225 87
226 297
226 103
226 149
229 117
230 264
231 71
231 103
231 292
233 25
233 186
233 250
235 37
236 103
237 305
238 193
238 119
238 156
238 242
238 247
