0 66
1 92
0 104
0 120
1 213
3 25
4 113
5 84
6 108
5 186
8 166
10 184
9 78
10 147
11 38
11 218
13 137
12 159
12 166
13 194
14 235
16 0
14 145
16 127
17 217
18 77
19 121
22 110
22 198
22 233
24 0
25 66
25 97
27 204
27 253
28 230
29 88
29 209
31 283
32 237
36 172
36 157
35 165
37 55
36 182
37 215
38 137
39 240
38 79
39 116
39 284
40 33
40 109
40 131
42 128
43 120
45 106
45 185
45 221
46 19
45 112
46 190
45 245
47 0
48 100
46 287
48 43
50 258
53 228
50 273
51 196
51 201
52 248
53 38
54 62
55 201
59 58
59 13
57 91
58 257
59 85
59 252
62 278
62 142
63 148
63 259
63 80
66 211
65 236
65 28
65 159
64 171
66 298
66 122
67 49
66 118
69 112
70 99
70 178
73 70
72 104
73 264
74 183
75 219
73 241
76 188
76 19
75 98
78 245
79 39
78 93
79 269
79 284
78 300
80 63
81 193
82 223
83 85
85 33
86 14
90 57
86 197
88 202
87 286
89 125
89 131
90 152
90 118
91 79
92 111
93 232
94 160
93 168
94 75
94 106
95 172
96 207
96 253
96 10
98 99
98 305
100 71
99 170
102 290
101 174
100 255
101 182
102 23
103 212
103 255
107 5
107 182
109 64
110 241
109 20
109 291
111 85
110 187
112 277
113 0
114 108
112 122
113 258
114 81
114 116
114 129
113 134
116 194
115 309
114 140
114 189
116 149
116 223
118 154
118 293
119 262
120 76
124 163
122 247
124 0
124 228
125 55
124 150
126 71
128 14
130 266
129 28
133 210
131 250
133 119
133 130
134 107
135 234
135 66
135 135
136 283
137 139
137 311
138 39
140 83
139 99
139 299
139 143
142 186
142 252
142 24
142 62
142 218
144 270
143 38
144 193
144 287
147 222
148 218
150 252
151 12
153 226
153 112
152 198
154 292
152 36
153 168
153 312
153 31
153 162
153 177
157 203
156 255
158 273
156 123
157 128
160 176
161 137
160 233
160 89
163 256
162 20
162 292
162 313
163 51
163 94
163 318
166 148
164 309
167 68
166 211
169 294
168 186
169 87
170 240
170 315
171 157
173 5
175 50
173 103
173 114
174 192
172 219
173 276
175 34
174 67
175 83
177 122
175 260
177 316
179 0
179 128
179 220
177 241
177 311
180 83
179 164
182 198
181 246
183 68
181 295
180 316
181 105
182 9
183 134
184 263
184 33
185 101
185 279
189 315
187 6
187 175
189 52
189 225
188 0
189 140
189 21
190 294
192 69
193 5
193 87
194 206
193 278
194 110
196 116
198 249
198 182
197 294
200 155
200 38
199 55
199 298
199 7
201 121
199 315
200 91
203 232
201 73
203 163
205 274
204 318
204 125
205 191
206 24
207 76
207 268
206 8
207 57
208 131
208 98
208 252
209 279
212 43
210 165
211 218
210 317
214 27
212 66
212 135
214 61
213 195
215 237
215 256
215 106
214 130
216 141
216 169
216 295
217 84
217 198
219 110
218 220
220 12
220 277
222 64
220 149
220 318
222 177
222 202
224 31
222 263
225 117
225 152
225 241
226 91
226 223
227 257
226 276
228 0
227 48
228 15
231 125
231 293
230 34
232 71
230 183
231 204
232 306
231 240
232 276
234 99
235 2
235 131
234 162
234 259
235 19
235 37
236 185
238 207
238 243
238 0
238 50
238 78
238 95
238 225
239 306
