42 1
86 1
214 3
70 4
210 4
5 5
120 5
181 6
32 7
150 7
58 8
106 8
223 9
168 10
190 10
22 12
87 14
41 15
237 15
78 16
127 16
209 16
68 18
139 18
155 19
114 20
8 21
177 22
58 23
188 23
220 23
26 25
91 26
48 28
198 28
235 29
76 30
124 31
155 31
209 32
133 33
11 34
66 34
169 34
110 35
182 36
219 37
30 38
60 38
96 38
197 42
85 43
50 44
232 44
117 45
127 45
145 45
168 45
154 46
212 48
13 49
39 49
67 50
103 50
182 52
192 53
2 57
86 57
128 57
139 57
196 57
55 58
154 58
226 60
18 61
113 61
206 61
169 62
48 63
100 65
29 66
9 67
68 67
238 67
187 68
216 68
139 70
42 71
88 71
130 71
150 71
161 73
197 73
111 74
224 74
19 76
79 77
175 77
55 78
205 79
12 80
99 80
133 80
228 80
30 81
74 81
183 83
214 84
46 85
117 86
150 86
231 86
162 88
191 88
3 89
20 90
62 91
109 91
39 92
165 92
215 92
84 93
136 93
237 93
198 94
173 95
131 96
99 98
126 99
201 99
223 101
11 103
203 103
30 104
51 104
154 104
72 105
94 105
181 105
206 106
225 107
112 109
163 110
139 111
204 111
227 112
42 113
209 113
133 114
23 115
87 115
2 116
128 116
189 116
63 117
107 117
196 119
151 120
170 120
212 120
84 121
17 122
125 122
104 124
153 124
36 125
233 125
123 127
195 127
56 128
78 128
173 128
216 131
156 132
9 134
139 134
174 135
31 135
75 137
235 137
122 139
217 140
140 141
197 141
51 142
108 143
19 146
156 146
238 146
72 148
92 148
220 149
34 151
2 152
238 152
125 153
158 153
89 155
142 155
176 155
33 156
195 158
224 157
53 158
108 158
16 159
90 159
209 159
141 160
158 160
72 161
174 161
33 162
125 163
157 165
173 165
90 168
108 168
194 168
52 170
225 170
32 172
72 173
210 174
173 175
14 176
128 176
32 177
155 177
222 177
52 180
90 180
30 181
191 181
51 183
113 184
142 186
228 186
51 187
167 187
186 187
75 188
13 190
51 192
162 192
209 192
92 193
30 194
122 194
53 197
201 197
157 198
223 198
78 200
140 200
12 201
132 201
181 202
239 202
56 203
99 204
202 204
14 205
35 205
80 205
145 205
132 206
108 207
58 209
216 211
193 212
169 214
85 215
114 215
17 216
240 216
39 217
61 217
121 218
89 219
228 219
130 220
187 222
123 223
143 223
42 226
67 226
23 228
100 230
199 230
3 231
42 231
179 231
220 232
71 233
25 234
160 235
155 236
234 237
3 238
152 238
115 240
51 241
189 243
208 243
30 244
87 244
93 246
131 247
164 247
225 248
12 249
56 251
103 253
178 253
238 253
110 254
198 254
60 255
79 255
37 256
151 256
219 256
237 258
157 259
211 259
116 260
206 260
15 261
150 262
92 263
182 263
43 264
203 264
233 264
98 267
129 267
145 267
75 269
227 269
23 270
3 271
106 271
186 271
110 273
168 273
52 274
180 274
199 274
215 274
26 275
140 276
159 276
204 278
89 279
196 279
14 280
60 280
156 281
98 282
235 283
39 285
71 287
105 287
227 288
122 289
217 289
22 290
139 290
132 291
150 291
208 292
201 293
195 294
7 295
88 295
57 296
103 296
189 296
142 297
236 297
114 298
176 299
39 300
225 302
17 303
80 305
102 306
209 306
115 307
58 308
122 309
190 309
34 311
170 311
153 313
236 313
85 316
121 316
98 318
204 318
52 319
192 319
