159 1
224 1
45 2
227 2
234 2
239 2
67 3
97 3
107 3
155 3
42 5
16 6
92 7
65 8
141 8
123 10
186 10
199 10
58 11
167 11
206 11
213 11
118 12
192 12
171 13
180 13
86 14
165 14
162 15
221 15
56 16
112 16
30 18
135 18
230 18
78 19
149 19
26 21
194 21
52 22
104 22
128 23
72 24
144 24
180 25
185 25
191 25
20 26
96 26
204 27
210 27
48 28
69 28
165 28
174 28
216 29
19 30
93 30
122 30
145 32
225 32
14 33
88 33
65 34
142 35
238 35
155 37
11 38
84 38
183 38
197 38
60 40
178 41
186 41
9 42
79 42
104 42
132 42
207 42
211 42
216 42
116 43
5 44
173 44
23 45
99 45
148 46
167 46
225 46
4 48
19 49
74 49
2 50
37 50
162 50
166 50
232 50
93 51
126 51
18 53
123 54
191 54
202 54
108 55
139 55
156 55
212 55
184 56
219 56
89 57
229 59
68 60
135 61
152 61
174 61
84 63
100 64
240 64
116 65
165 65
98 68
146 68
62 69
163 69
210 69
199 70
79 71
193 71
27 72
41 72
141 72
185 72
218 72
224 73
77 74
126 74
159 74
178 75
227 75
41 76
91 77
106 77
138 77
155 77
223 77
232 77
5 78
76 79
21 80
174 80
90 82
133 82
237 82
73 83
149 84
2 85
200 85
18 87
53 87
86 87
168 87
186 87
116 88
191 88
207 88
68 89
147 89
34 90
99 90
216 90
15 91
164 91
221 91
212 92
50 93
127 93
185 93
29 94
66 94
142 95
228 95
81 96
111 96
182 96
204 96
124 98
160 98
236 99
27 100
11 101
95 101
65 102
201 102
78 103
154 103
106 104
195 105
43 106
122 106
138 106
61 107
175 107
92 108
220 108
9 109
23 109
37 109
150 110
192 111
173 112
210 112
224 112
117 113
21 114
74 115
132 115
229 115
34 116
57 116
101 116
192 117
169 118
150 119
235 121
115 122
10 123
165 123
189 123
30 124
149 124
206 124
55 126
71 126
87 126
99 126
131 126
220 128
240 128
39 129
207 129
170 130
26 131
128 131
223 131
149 132
83 133
188 133
38 134
113 134
204 134
4 135
169 136
50 137
189 137
129 139
206 139
112 141
21 142
59 142
97 142
35 143
83 143
48 145
57 147
33 148
68 150
169 150
9 152
230 152
22 153
130 153
212 153
150 155
98 156
230 156
4 157
192 158
19 159
111 159
214 159
236 160
81 161
172 161
193 162
42 163
19 164
55 164
130 164
216 164
239 165
1 166
199 166
235 166
114 167
143 167
79 168
195 168
113 169
65 170
95 170
157 170
239 170
16 171
35 171
54 172
175 172
220 172
116 174
130 174
147 175
87 176
179 177
35 178
98 178
113 178
199 178
226 178
65 181
199 181
50 182
75 183
161 183
11 184
87 184
133 184
179 184
227 184
150 185
202 185
207 185
32 186
99 186
167 187
85 188
135 188
9 189
113 189
31 190
46 190
89 192
210 192
233 192
137 193
184 193
237 193
8 194
167 194
155 195
208 195
64 196
116 196
24 198
237 198
4 199
85 200
171 200
189 200
47 201
213 201
143 202
59 203
195 203
42 204
73 204
139 204
219 204
100 205
216 205
239 205
25 206
162 206
119 207
87 208
194 208
144 209
219 210
42 211
176 213
223 213
75 214
230 215
25 216
99 216
133 216
149 217
18 218
56 218
171 218
201 218
8 219
120 219
153 219
37 220
225 220
70 221
182 223
85 224
173 224
38 225
54 225
70 225
153 225
232 225
177 226
4 227
18 227
104 227
139 227
207 227
189 228
124 229
159 229
14 230
50 231
1 232
32 232
182 232
73 234
106 234
13 235
30 235
161 235
207 235
214 235
86 236
129 236
110 237
145 239
189 239
163 240
64 241
218 241
46 242
27 243
110 243
8 244
194 244
40 247
77 247
151 247
169 247
61 248
95 248
23 249
115 249
224 249
3 250
79 251
234 251
140 253
39 255
57 255
120 255
100 256
203 256
230 256
78 257
162 258
179 258
33 259
76 259
146 259
210 259
13 260
182 260
147 262
33 263
53 263
239 263
8 264
107 264
208 264
47 266
72 266
187 266
214 266
77 268
154 268
216 268
5 269
69 269
88 269
45 270
149 270
219 270
173 271
191 273
115 274
157 274
62 275
67 275
199 275
40 276
160 276
226 276
16 277
58 277
205 279
183 281
11 282
33 282
167 282
239 282
124 284
217 284
53 285
105 285
49 286
83 286
89 286
148 286
192 286
7 287
26 287
69 287
98 288
108 288
66 290
87 290
91 290
111 290
171 290
45 291
58 291
178 291
205 292
176 293
116 294
212 294
178 295
58 296
158 296
124 297
188 302
197 304
4 305
27 305
70 306
88 306
107 307
150 307
94 308
58 309
82 309
216 310
38 311
111 311
50 313
54 313
99 313
179 313
121 314
223 314
30 315
166 315
12 316
38 316
131 317
24 318
187 319
196 320
