24 1
34 1
46 1
81 1
126 1
167 3
12 5
97 5
217 7
141 8
147 8
177 8
107 9
112 9
63 10
74 12
118 12
153 12
204 13
160 14
227 14
127 15
39 16
190 16
19 17
27 18
49 18
93 19
232 19
8 20
135 20
167 21
65 22
101 22
240 23
174 23
198 24
75 25
215 25
145 26
114 27
89 29
42 30
183 30
228 30
52 32
160 32
186 32
209 32
25 33
31 33
17 34
127 34
69 35
141 35
235 36
9 37
216 37
102 38
169 39
79 40
112 40
192 40
220 42
86 43
147 44
177 44
43 45
50 47
90 47
227 47
35 48
132 48
19 50
58 50
96 50
160 50
204 50
230 50
65 51
101 51
10 53
106 53
233 53
143 54
75 55
1 56
108 56
168 56
116 59
148 59
214 59
238 59
193 60
51 61
172 61
92 62
175 62
40 63
133 63
240 63
60 64
198 64
23 65
126 65
156 65
224 65
13 66
70 66
178 67
123 68
139 68
6 69
102 69
182 69
201 70
128 71
80 72
184 73
147 73
166 73
112 77
230 77
43 78
53 78
120 78
152 78
189 78
25 79
35 79
89 79
212 79
64 82
129 82
16 84
158 84
173 84
191 84
71 85
97 85
239 86
5 88
116 88
217 88
136 89
82 90
162 91
104 92
122 92
179 93
201 94
3 95
38 95
56 95
107 96
183 97
20 99
69 99
93 99
127 99
223 99
145 100
12 101
73 101
202 101
167 102
186 102
98 103
148 103
239 103
114 104
131 104
9 105
77 105
102 107
3 108
39 109
192 109
50 110
118 110
34 111
82 111
88 111
173 111
230 111
58 112
133 112
150 113
21 115
121 115
194 115
107 116
90 117
68 119
136 119
175 120
12 121
157 121
197 121
216 122
95 124
7 125
74 125
77 126
128 126
140 126
2 127
237 127
43 128
80 128
97 128
115 128
31 129
221 129
49 130
159 130
201 132
20 133
42 133
101 133
183 134
56 135
141 135
81 136
162 137
169 137
226 138
40 139
122 139
15 140
68 141
185 141
210 141
6 142
106 142
158 144
145 145
4 146
44 146
65 146
88 147
172 147
39 148
49 149
125 149
161 149
232 149
69 150
193 151
146 152
50 153
16 154
213 154
71 155
89 156
107 156
177 156
15 158
147 160
164 160
235 160
29 161
53 161
71 161
126 162
110 165
219 165
73 166
148 166
183 166
39 168
55 169
3 170
129 171
90 172
37 173
203 173
165 174
186 174
224 175
18 176
52 176
151 176
189 176
71 179
112 181
129 182
16 183
51 183
31 184
90 184
230 184
86 185
191 186
210 186
173 187
67 188
155 188
89 189
49 190
141 190
107 191
10 192
94 193
234 192
127 193
143 195
195 195
135 197
30 197
65 198
140 199
10 200
24 200
127 200
159 200
45 201
216 201
94 202
179 203
198 203
238 205
20 207
78 207
4 208
108 208
92 209
24 210
62 210
202 210
142 212
18 213
42 214
94 214
110 214
161 214
181 214
129 215
78 216
3 217
21 217
181 218
202 218
224 218
226 220
2 221
93 222
187 222
127 224
19 225
207 225
229 225
166 226
39 229
60 229
111 229
93 233
40 234
191 234
233 234
149 235
168 235
239 235
19 236
77 237
213 238
58 240
149 240
93 241
190 241
238 242
15 243
36 243
112 244
171 245
55 246
110 247
93 248
173 248
216 248
9 249
127 250
195 251
74 252
32 253
150 253
174 253
215 253
10 255
132 255
238 255
28 256
54 257
112 257
174 258
8 259
197 260
220 261
8 262
54 262
92 262
134 264
2 265
33 265
72 265
200 265
47 266
160 268
23 269
178 269
219 269
44 273
89 273
18 274
178 274
114 275
41 277
156 277
16 279
133 279
203 279
178 280
221 280
12 282
237 283
67 284
12 285
41 285
87 285
109 285
156 286
131 287
5 291
32 291
59 291
80 292
179 292
106 296
130 297
201 296
28 297
83 297
25 298
152 300
203 301
51 302
128 303
172 303
80 304
177 304
198 304
224 304
101 305
47 306
14 308
175 308
43 309
75 309
202 309
45 310
151 310
174 312
10 313
123 313
95 314
67 315
172 316
198 316
92 317
38 318
222 318
61 319
145 319
