140 3
28 4
166 4
188 5
230 6
54 7
71 7
211 7
87 8
131 9
45 10
100 10
110 10
152 10
15 11
235 13
177 14
31 15
141 15
200 15
219 15
24 17
120 17
3 18
63 19
72 19
165 19
83 21
95 21
130 21
225 21
48 22
187 22
104 23
152 24
174 24
10 26
211 26
33 28
5 29
84 29
144 30
162 30
66 31
130 31
23 32
48 32
72 32
197 32
234 32
181 33
97 34
108 35
114 37
169 39
223 39
30 41
190 41
72 42
211 43
56 44
89 44
130 44
159 44
176 46
17 48
39 48
139 49
231 49
183 50
200 50
120 52
75 53
147 53
87 54
9 55
97 55
219 55
22 56
58 56
170 56
240 58
44 59
111 59
134 59
190 61
16 62
209 63
69 64
82 64
140 66
161 66
179 66
90 67
122 67
227 67
27 68
58 68
10 69
106 69
46 71
198 71
147 72
214 72
122 76
170 76
185 76
72 77
35 78
85 78
219 78
155 79
60 80
100 80
11 81
237 81
108 82
206 82
137 83
176 83
193 83
25 86
47 86
162 87
121 88
4 89
143 89
181 89
213 90
230 90
197 91
77 92
34 93
66 94
91 94
128 94
150 94
58 95
99 95
185 97
109 98
13 99
48 99
171 99
28 100
137 102
206 102
220 102
120 104
158 104
235 104
43 105
63 106
191 106
80 108
93 108
8 109
146 109
127 110
35 111
74 111
179 111
162 112
55 113
132 114
213 114
106 115
183 116
199 116
48 117
66 117
153 118
112 119
168 119
27 121
42 121
185 121
89 122
12 123
120 123
188 123
170 124
60 125
78 125
140 125
221 125
206 128
239 130
95 131
147 132
161 132
179 132
24 133
36 133
129 133
8 134
54 134
83 134
71 136
109 136
213 136
197 137
229 138
152 139
18 141
167 141
183 141
33 142
48 142
114 142
65 143
134 143
218 144
88 146
204 146
4 147
155 147
79 149
104 149
187 149
16 150
59 150
122 150
239 150
31 151
46 151
141 151
174 153
208 154
93 155
72 156
56 158
161 158
126 159
144 159
194 159
228 160
111 161
179 161
211 161
28 162
14 163
130 163
41 165
86 165
99 165
71 167
198 168
56 170
149 170
165 170
116 171
217 171
233 171
25 174
41 175
71 175
11 176
133 176
55 177
203 178
188 179
238 179
104 180
171 180
121 181
154 183
90 184
74 185
24 186
11 187
40 187
140 187
226 189
209 190
92 191
175 191
109 192
56 193
195 193
126 194
9 195
67 195
161 196
23 197
96 199
145 199
180 199
40 200
81 201
216 201
198 204
115 205
234 205
70 206
132 206
57 207
149 207
180 207
166 208
9 209
220 210
202 211
25 212
103 212
41 213
118 214
87 216
154 219
187 219
138 220
171 220
59 221
207 221
223 221
9 223
26 223
75 223
105 224
161 228
46 229
92 229
228 229
28 230
11 231
192 231
144 233
211 233
180 235
79 236
111 237
64 238
235 238
98 242
130 242
150 243
169 243
33 244
50 244
198 245
84 246
219 246
15 248
70 249
98 250
200 251
135 252
157 253
117 254
54 258
36 259
73 259
90 259
20 260
185 264
120 266
163 267
3 269
60 269
143 270
24 273
79 273
170 274
44 276
95 277
66 278
195 278
111 279
127 279
27 284
133 285
83 286
65 287
46 289
118 291
