37 1
57 3
126 4
183 4
99 5
171 5
193 5
159 7
216 7
27 8
4 9
142 9
47 10
68 10
231 10
51 14
79 14
106 15
45 16
60 16
144 18
175 18
162 19
189 19
136 20
148 20
202 20
127 22
219 22
228 22
15 23
93 23
42 24
65 24
117 25
33 26
58 26
86 29
238 30
104 31
178 31
131 32
8 33
156 33
147 34
187 34
95 35
168 35
196 35
204 35
28 36
78 36
212 36
56 37
159 37
125 38
140 40
115 41
219 41
92 42
229 42
44 43
61 45
28 46
171 46
7 47
177 47
188 47
70 48
106 48
155 48
130 49
200 49
238 51
214 52
36 54
52 54
82 55
99 55
149 55
1 56
66 56
16 57
121 57
168 57
185 57
226 59
143 60
115 63
30 64
64 64
92 64
134 64
51 65
176 66
197 66
163 67
207 69
91 70
109 71
125 71
217 72
156 73
25 74
44 74
148 75
185 76
55 77
173 77
87 79
104 80
120 81
138 81
4 83
36 83
69 83
233 83
154 85
163 85
216 87
51 88
135 88
17 89
84 89
146 91
206 92
36 93
109 96
16 97
62 97
159 97
128 98
181 98
225 98
82 100
189 100
28 102
48 103
93 103
114 104
199 104
212 105
10 106
79 106
171 106
125 107
152 109
234 109
217 111
172 112
203 113
31 114
104 114
124 114
136 115
65 116
76 116
11 118
48 118
94 118
147 118
235 118
121 119
188 119
165 120
23 122
128 123
204 123
221 123
77 124
108 124
146 125
162 125
14 126
91 126
45 127
58 129
120 131
27 132
192 133
224 134
127 134
187 135
206 135
7 136
91 136
43 137
103 137
147 138
130 139
25 141
164 141
181 141
221 141
20 142
47 142
61 143
110 144
23 145
77 147
91 148
39 152
58 152
129 152
222 152
166 153
182 153
234 154
5 156
20 156
123 156
112 157
201 158
47 161
152 162
95 163
64 164
77 166
110 166
219 167
6 168
130 168
35 169
194 170
49 171
140 171
238 172
164 173
117 174
99 176
147 176
78 178
66 179
230 179
5 183
210 183
35 184
51 185
20 186
146 186
99 189
126 189
82 190
34 192
187 193
192 193
2 195
69 195
125 195
178 195
91 196
53 198
95 198
19 199
107 200
219 200
139 201
162 204
3 206
23 206
37 206
74 206
222 206
54 207
198 208
119 209
178 209
69 210
217 210
93 211
140 212
174 212
234 212
101 215
148 214
60 216
126 218
153 218
177 219
76 220
41 221
184 221
2 222
25 222
229 223
236 223
233 226
59 227
105 227
110 228
135 229
85 231
5 232
9 232
43 234
221 234
22 235
141 235
118 236
65 237
221 237
154 238
211 239
93 240
171 240
182 240
5 241
31 243
66 243
100 243
189 243
130 244
238 245
54 246
78 246
138 250
227 250
134 251
149 252
33 253
92 253
156 253
73 254
15 255
117 255
185 255
200 256
10 257
113 258
56 259
153 259
226 260
81 261
164 261
183 261
22 263
214 266
42 267
67 267
104 267
130 268
146 271
116 273
202 273
235 273
159 274
22 275
92 275
173 275
188 276
233 277
103 279
81 281
129 281
68 285
216 286
92 288
143 288
200 288
114 290
39 291
164 292
180 292
74 293
5 295
19 296
134 297
52 298
212 298
95 303
206 303
165 305
34 306
69 306
109 306
189 306
204 307
6 308
120 309
129 310
47 311
139 311
80 312
56 313
149 314
235 314
92 316
169 316
106 320
