48 1
131 1
158 1
227 1
146 2
7 3
18 3
27 3
183 4
170 5
239 5
206 10
41 11
95 11
29 12
70 12
81 12
110 12
52 13
132 14
150 14
224 14
9 17
167 19
237 19
178 21
192 22
202 22
30 24
108 24
44 25
79 25
89 25
99 25
121 26
12 28
135 28
212 28
157 29
226 29
2 31
171 31
237 35
47 36
205 36
88 38
34 39
71 39
20 40
122 40
58 41
103 43
220 43
139 44
152 44
171 45
164 46
183 47
67 50
80 50
209 51
198 52
50 54
231 55
16 57
119 57
3 58
101 58
110 58
146 58
32 59
94 59
135 59
157 59
169 61
85 62
188 62
75 63
198 64
212 64
62 65
48 67
1 69
222 69
234 69
36 70
29 71
139 71
97 73
109 73
116 73
126 73
146 73
163 73
89 74
175 74
182 74
21 75
193 76
60 78
211 78
6 79
218 80
47 82
233 82
40 84
145 84
122 85
88 86
102 86
112 86
132 86
160 86
75 87
168 87
178 88
199 88
190 90
18 92
208 92
9 94
52 96
97 96
127 96
159 97
233 97
112 98
138 98
40 99
149 99
179 99
168 100
31 101
191 102
95 103
201 103
82 104
76 106
217 107
22 108
66 108
227 108
131 109
122 110
148 110
10 111
167 111
232 111
99 112
139 112
184 112
39 114
85 115
191 117
123 118
204 118
72 119
147 119
133 120
157 120
217 120
32 121
110 121
24 122
178 122
226 122
93 125
100 125
12 126
236 127
154 128
144 129
166 129
183 129
196 129
78 130
7 131
128 131
210 131
135 132
39 133
116 133
69 134
220 134
34 135
100 135
64 137
185 139
155 140
87 141
174 141
201 141
212 141
114 142
143 142
165 142
25 143
81 143
55 144
138 144
106 145
19 146
48 146
220 146
98 148
231 148
42 149
12 152
86 152
169 152
200 152
36 153
177 153
145 155
160 155
211 155
73 156
218 156
2 157
110 157
66 158
58 160
223 160
136 161
27 162
233 162
189 163
210 163
93 164
125 164
199 164
179 165
50 166
159 166
173 166
238 166
115 168
21 169
77 169
151 170
12 172
142 173
45 174
222 174
133 175
209 175
39 176
75 176
198 177
67 178
127 178
177 178
187 178
34 180
229 180
3 181
87 182
120 182
236 182
16 183
56 183
156 183
167 184
111 186
146 186
141 188
199 188
78 189
49 190
70 190
8 191
183 192
218 192
26 193
105 193
180 194
61 195
223 196
3 197
129 197
148 197
21 198
167 198
236 198
40 199
94 199
120 199
160 201
50 203
14 204
33 204
75 205
115 205
93 206
137 206
182 206
212 206
227 208
192 209
205 210
66 211
109 211
133 211
153 211
176 212
7 213
31 213
86 213
125 213
148 214
104 215
27 216
190 216
233 216
62 219
123 220
238 220
83 221
143 221
164 221
22 223
44 223
180 223
220 224
204 225
79 227
138 227
100 228
122 228
59 229
18 230
120 230
178 230
159 231
191 233
230 233
96 234
16 236
114 236
139 237
215 237
179 238
37 240
198 241
92 242
237 242
16 243
76 243
158 243
54 244
139 245
11 246
181 246
203 248
221 249
36 250
13 252
135 252
54 253
75 253
109 253
164 253
227 253
17 254
207 254
30 255
93 255
188 255
11 258
71 258
32 259
116 259
171 259
50 260
139 260
152 260
231 260
135 261
212 261
98 263
191 265
50 266
54 266
11 267
65 268
77 268
30 269
71 269
135 269
238 269
155 270
216 270
48 271
136 273
203 273
8 274
102 275
120 275
76 276
91 276
182 276
203 277
142 279
7 279
27 280
48 281
185 283
232 283
76 284
166 284
9 285
51 285
100 287
210 287
63 288
124 289
145 289
8 290
51 290
83 290
239 290
220 292
65 293
170 293
89 294
105 294
192 294
19 296
28 296
77 296
85 296
132 296
149 296
126 297
224 297
38 298
53 298
155 299
66 300
172 301
29 302
101 302
110 302
3 303
203 303
81 304
235 304
157 306
185 306
221 307
5 309
19 309
42 309
106 309
209 309
132 310
160 310
54 311
71 312
166 312
143 313
87 314
191 314
218 314
133 315
19 317
110 317
3 318
46 319
57 319
71 319
222 319
167 320
