44 1
37 3
218 3
30 4
81 4
148 4
134 5
119 6
138 6
178 6
67 7
129 7
165 7
239 7
22 10
59 10
114 10
187 10
169 11
205 11
6 13
46 14
102 14
91 15
215 15
8 16
81 17
224 17
2 18
153 19
235 19
176 21
37 22
144 22
118 23
135 23
187 23
70 24
126 24
163 24
20 27
196 27
105 28
215 28
48 29
203 29
95 30
8 32
155 34
143 35
166 36
177 36
37 37
187 37
70 38
126 38
95 40
197 40
105 41
20 42
54 42
209 43
149 45
218 45
14 46
85 46
47 47
137 47
162 47
78 48
125 49
235 49
176 50
185 50
193 50
73 51
36 52
114 53
155 53
208 53
1 55
103 55
142 56
28 57
220 57
50 59
226 59
17 61
124 61
186 61
89 62
179 62
80 63
159 63
67 64
196 64
112 66
105 67
148 67
210 67
58 68
32 69
135 70
127 72
214 72
5 73
73 73
171 73
178 73
98 74
196 75
223 75
50 76
161 76
152 77
19 79
62 79
90 79
112 80
63 82
139 83
185 83
174 84
27 85
190 85
129 86
5 87
11 88
69 90
160 90
18 91
45 92
150 92
7 93
220 93
108 94
137 94
1 95
9 96
140 97
228 97
36 100
63 100
123 100
94 103
217 103
160 105
173 105
113 106
240 106
25 107
149 107
179 108
185 108
201 108
86 109
139 110
100 111
211 112
58 113
128 113
230 113
15 114
40 114
72 114
97 115
60 118
121 118
29 121
146 121
53 122
4 123
88 124
147 124
182 124
77 125
138 125
50 126
25 128
104 130
129 131
38 132
97 132
163 132
122 134
175 134
68 135
91 136
15 137
199 138
222 139
57 140
117 140
207 140
33 141
182 141
239 141
79 142
7 143
107 146
138 146
73 147
163 147
86 149
214 150
101 151
22 152
40 152
62 152
197 152
3 154
19 156
58 158
78 158
94 158
233 159
201 160
216 161
50 162
71 163
113 163
30 164
10 165
136 166
37 167
89 167
106 169
190 169
223 169
7 171
4 172
24 172
79 172
207 172
43 174
150 174
177 175
105 177
143 177
209 177
55 178
77 178
195 178
227 180
71 181
18 183
94 183
227 184
183 185
198 187
226 189
2 190
14 190
36 190
66 190
169 190
210 190
94 191
227 192
150 193
58 194
215 194
32 195
88 195
110 195
182 195
123 199
226 199
7 200
105 200
183 200
54 201
86 203
179 203
24 205
167 206
232 206
52 207
75 208
123 208
216 208
100 209
198 209
142 213
160 214
181 214
230 214
72 215
119 216
20 217
197 218
68 220
15 221
183 221
214 221
163 222
91 224
137 224
44 225
114 225
236 225
219 226
64 227
85 227
159 227
39 228
198 228
129 230
2 231
108 231
12 232
176 232
207 232
135 233
53 235
31 236
100 237
128 239
192 239
219 239
1 242
148 242
206 242
29 243
73 243
168 243
233 243
131 244
52 245
117 245
142 246
25 247
95 248
185 248
217 248
48 249
199 251
87 252
165 253
62 254
113 254
137 255
200 255
230 255
13 256
49 256
216 258
240 258
177 261
198 261
31 262
37 262
72 262
100 262
127 262
103 264
2 265
173 266
126 269
238 269
21 270
189 270
90 271
54 272
116 272
166 272
151 273
207 274
57 275
23 276
48 277
183 277
224 277
11 278
78 278
127 279
105 280
137 280
2 282
29 284
64 284
182 284
202 284
222 285
129 286
235 287
96 288
114 289
22 290
198 291
184 292
11 293
154 293
58 295
176 295
90 296
43 297
118 297
103 298
143 298
3 299
65 299
75 299
232 301
33 302
58 302
134 302
164 303
66 305
105 305
181 307
20 308
137 308
26 309
97 310
162 310
204 310
9 311
17 311
128 311
195 312
210 312
224 312
56 313
181 313
185 315
152 316
192 316
235 316
83 317
114 318
121 318
202 318
32 319
43 319
145 319
178 319
74 320
190 320
