218 1
37 3
12 4
23 4
136 4
178 4
48 5
58 5
81 5
148 5
231 5
86 7
207 7
98 8
188 8
107 10
161 11
211 11
118 12
194 12
240 13
48 15
170 15
14 16
23 16
39 16
61 17
76 17
138 17
149 18
224 18
85 19
180 19
206 19
105 22
233 22
191 23
35 24
114 24
162 24
217 24
119 25
124 25
23 26
45 26
57 26
130 27
198 27
140 28
173 28
11 29
85 29
66 30
225 30
179 31
95 32
49 33
101 33
152 35
186 35
211 35
24 36
36 36
118 37
189 37
233 37
17 38
162 38
5 40
129 40
199 40
66 41
44 42
137 42
172 42
221 42
81 43
54 44
89 44
180 45
101 46
110 46
227 46
31 47
150 47
184 48
209 48
16 50
158 50
127 51
195 51
5 52
64 52
76 52
89 53
134 53
166 53
235 53
50 54
219 54
41 55
143 56
173 57
206 58
29 59
61 61
74 61
153 61
183 61
17 62
119 62
232 62
56 63
87 63
94 64
161 64
4 65
216 65
192 66
104 67
128 67
168 68
238 68
37 69
27 70
62 71
182 71
222 72
70 73
82 73
121 73
94 74
204 74
158 75
229 76
106 77
56 78
7 79
133 79
210 79
234 80
167 81
44 82
191 82
120 83
31 84
70 84
153 84
196 84
81 85
173 85
220 85
238 85
21 87
130 87
95 88
178 88
16 90
141 91
163 91
44 92
111 92
203 92
7 94
116 94
147 94
226 94
65 95
75 95
170 95
85 96
126 98
189 98
24 99
152 99
212 99
133 100
234 101
156 102
56 103
70 103
91 103
43 105
96 105
162 105
182 105
137 106
196 106
143 108
113 109
222 110
32 111
5 112
120 112
169 112
190 112
61 114
73 114
148 114
56 115
81 115
89 115
22 116
199 116
155 118
42 119
130 119
181 120
205 120
230 121
11 124
37 124
72 124
82 124
138 125
165 125
106 126
186 126
6 127
56 127
234 129
23 130
115 130
215 130
49 131
146 131
193 132
240 132
172 133
72 135
87 135
123 135
152 136
15 137
38 137
96 137
63 138
99 140
201 140
222 140
33 142
103 142
131 142
159 143
181 143
50 145
100 146
163 146
204 146
6 147
111 147
136 147
228 147
24 149
46 149
82 150
86 151
185 151
69 152
41 153
145 153
210 153
233 153
91 154
122 154
3 155
172 155
61 157
214 157
17 158
192 158
221 158
34 159
96 159
153 159
129 160
103 162
55 164
221 164
79 165
53 166
159 166
16 167
111 167
33 168
182 168
66 169
137 169
45 170
90 170
202 170
10 171
164 173
144 175
14 176
120 176
208 176
233 176
27 177
57 177
170 177
42 178
100 178
189 179
81 180
125 180
212 180
2 182
196 182
69 183
172 183
107 185
13 186
42 186
154 186
219 187
54 188
91 189
134 190
198 190
114 191
27 192
73 192
204 192
228 193
161 194
183 194
11 196
139 196
120 197
42 198
73 199
57 199
81 199
124 200
102 201
167 201
212 201
26 202
146 202
238 203
190 204
172 205
43 206
87 206
107 206
130 207
152 207
219 207
9 208
60 209
75 210
110 210
93 211
134 211
177 211
28 212
201 213
115 214
97 215
157 215
136 216
12 217
62 217
81 217
226 218
45 219
121 220
143 221
28 222
65 222
11 223
185 223
87 224
213 224
236 225
127 227
168 227
195 229
49 230
15 231
108 231
199 232
71 233
177 234
219 234
34 235
51 235
92 236
16 238
114 238
136 238
97 239
161 240
34 242
228 242
55 244
74 244
188 245
207 245
165 246
17 247
102 247
126 247
77 248
39 249
171 250
217 252
60 254
134 254
148 254
84 255
110 255
198 255
3 256
230 257
137 259
156 259
27 260
179 260
204 261
46 262
25 265
185 264
95 266
121 266
162 266
211 267
72 268
148 268
190 268
224 269
9 270
29 270
55 270
128 271
168 272
54 274
14 275
135 275
102 277
204 277
234 277
77 278
38 279
124 280
177 280
148 281
61 282
82 282
108 283
215 283
40 284
21 285
186 286
132 287
87 288
112 288
70 289
161 289
224 289
5 290
136 290
196 290
120 294
239 294
99 295
170 295
209 296
35 297
56 297
75 297
144 297
178 299
104 300
14 301
131 303
183 303
222 303
46 305
65 305
84 305
112 305
158 306
24 307
187 307
141 311
168 312
204 312
95 313
13 314
123 314
39 315
57 315
76 315
30 316
178 316
219 316
106 318
230 318
189 319
