117 1
44 2
178 2
226 2
28 3
129 3
203 5
237 6
143 7
213 9
116 11
96 12
158 12
53 14
65 14
168 14
196 14
21 15
38 16
133 16
12 18
112 18
205 21
124 22
150 22
232 22
81 24
24 25
91 25
161 25
56 26
70 26
100 27
43 29
140 29
191 29
7 30
112 30
31 32
173 32
219 32
238 32
198 34
125 37
81 38
157 38
63 39
98 39
225 39
17 40
204 40
53 41
137 42
42 44
229 44
112 45
146 45
167 45
32 46
5 48
116 48
215 48
19 51
123 51
77 52
93 52
61 53
175 53
155 54
221 54
238 54
53 55
107 56
141 58
10 59
120 60
40 61
183 61
198 62
167 64
228 64
63 66
23 67
73 67
127 67
131 67
98 68
153 68
215 69
233 69
108 70
104 71
139 71
176 71
10 74
37 74
4 75
219 76
200 77
240 77
54 79
182 79
24 80
149 80
82 82
129 82
73 83
94 83
100 83
224 83
40 85
206 86
64 87
117 87
139 87
162 87
12 88
186 88
233 91
53 92
212 92
33 93
190 93
152 94
173 94
239 94
25 95
46 96
83 96
74 97
131 97
97 98
230 98
107 100
158 101
213 101
64 103
177 103
10 105
31 106
202 106
232 106
51 107
87 107
141 107
160 107
121 108
189 109
184 110
97 111
22 112
72 113
107 114
120 114
135 114
41 115
165 115
222 116
179 117
207 118
88 120
28 121
60 121
149 121
195 121
10 122
51 123
124 125
79 126
168 128
45 129
150 129
111 130
181 130
211 130
65 133
15 134
94 134
124 134
152 135
39 136
211 136
109 137
228 137
54 140
139 140
30 141
76 141
200 142
213 142
2 143
23 143
89 143
69 144
154 144
230 144
110 145
46 146
86 147
170 148
123 149
215 149
65 150
104 150
139 152
216 154
187 155
199 155
11 156
35 156
99 156
57 157
78 157
153 157
169 157
27 161
117 161
213 161
200 163
20 164
134 164
46 165
94 165
183 167
166 168
112 169
149 170
215 170
227 170
43 171
90 171
12 173
33 173
65 173
40 174
109 174
131 174
197 176
226 176
58 177
41 178
102 179
125 179
79 181
143 181
106 182
160 182
179 183
34 184
239 184
16 186
211 186
95 187
72 188
157 188
50 189
119 190
137 190
223 190
176 192
9 193
89 193
93 194
98 195
191 195
23 196
42 196
173 197
237 197
61 198
112 198
223 198
34 202
127 202
78 203
201 204
143 205
169 205
51 208
123 208
185 208
215 208
99 209
235 209
9 210
25 211
70 211
39 212
151 212
132 213
193 216
206 216
82 217
179 217
117 218
102 219
46 220
76 220
160 220
143 221
8 223
90 224
224 225
236 225
26 226
125 227
171 227
107 228
202 228
33 231
67 232
152 232
210 232
82 234
134 234
49 235
182 235
165 236
115 238
216 239
22 240
5 241
14 241
94 242
230 242
32 243
160 244
55 245
124 245
71 246
107 246
138 248
183 249
23 254
42 254
168 254
232 254
133 256
145 256
58 257
111 257
75 258
95 258
177 261
123 263
7 264
186 265
26 266
83 266
200 266
226 267
44 268
65 269
100 272
211 272
231 272
14 274
110 274
128 274
165 275
193 275
53 277
141 277
72 278
240 279
87 280
100 282
62 283
171 283
134 284
205 284
17 285
219 287
35 288
78 288
114 288
54 290
156 291
178 292
71 294
140 294
89 295
122 295
192 295
62 296
226 296
4 297
40 297
103 298
207 299
145 300
79 301
19 302
29 302
167 302
185 303
237 303
180 306
41 307
158 307
198 307
8 308
70 308
175 308
216 308
135 311
88 312
29 315
128 315
169 315
106 316
54 317
190 317
223 318
143 319
72 320
98 320
122 320
