32 1
39 1
103 1
154 1
191 1
17 2
22 2
222 3
119 4
166 4
128 6
10 7
179 7
63 8
134 8
229 8
4 9
54 9
76 9
48 10
87 10
208 11
27 12
97 12
162 12
237 12
147 13
38 14
110 15
169 15
17 16
195 16
121 18
219 18
31 19
153 19
130 20
158 20
10 21
63 21
72 21
181 21
77 22
86 23
137 23
207 23
27 24
51 24
232 24
32 25
42 25
95 25
211 26
2 27
103 27
147 28
170 28
18 29
109 29
195 30
221 31
236 31
126 32
178 32
55 33
155 33
13 35
76 35
85 35
36 36
138 36
160 36
206 36
183 37
29 38
95 38
231 39
124 40
145 40
3 41
101 41
192 41
24 42
169 42
69 43
129 43
216 43
18 44
49 44
63 44
72 44
200 45
81 46
177 46
43 47
112 47
152 47
158 47
14 48
136 49
37 50
224 50
91 51
182 52
31 53
165 53
123 54
144 54
101 55
212 55
8 56
189 56
46 57
59 57
130 57
64 58
172 58
237 58
71 59
77 59
150 59
81 60
196 60
2 61
38 61
110 61
134 61
223 61
199 62
138 63
177 63
224 63
20 64
92 65
116 65
159 65
144 69
233 69
14 70
55 70
61 70
100 70
185 70
209 70
70 71
42 72
49 72
167 72
106 73
7 75
133 75
213 75
34 76
112 76
82 77
153 77
195 78
26 80
219 80
159 81
177 81
21 82
90 82
66 83
115 83
137 83
54 85
98 86
200 86
48 87
74 87
112 87
127 87
19 88
224 88
42 89
149 89
239 89
82 90
166 90
185 90
10 92
209 92
104 93
134 93
227 95
6 96
31 96
172 96
155 97
193 97
214 97
90 98
232 98
56 99
60 100
111 100
177 100
69 101
142 101
26 102
2 103
94 104
163 105
145 106
182 106
221 106
49 107
77 107
239 107
18 108
117 108
42 109
203 109
99 110
150 110
59 111
36 112
81 113
122 114
12 115
65 115
230 115
191 116
210 116
31 118
140 118
85 119
156 119
174 119
124 120
232 120
10 121
195 121
109 122
53 123
162 124
237 124
7 126
25 126
73 126
98 126
130 127
216 127
44 129
59 129
115 129
90 130
185 130
148 131
6 132
168 132
203 132
2 135
20 135
62 135
224 135
104 136
120 137
136 137
92 138
35 139
175 139
193 139
76 140
231 141
62 142
179 142
124 143
140 143
213 143
13 144
48 144
110 144
158 144
199 144
32 146
95 148
59 149
144 150
205 150
45 151
166 152
189 152
235 152
116 154
217 154
26 155
79 155
101 156
12 157
58 157
132 157
172 158
73 161
153 161
138 162
122 163
176 163
200 164
224 164
38 166
92 166
7 167
24 167
53 168
93 168
182 168
162 169
107 170
141 170
207 171
90 172
187 172
22 173
35 174
70 174
3 175
101 176
128 176
213 176
48 177
234 177
31 178
82 178
114 178
169 178
192 178
150 180
171 180
135 181
64 183
32 184
100 184
176 184
200 184
220 184
17 185
141 185
78 186
122 186
58 190
93 190
183 190
41 192
160 193
9 193
226 193
26 194
55 194
71 195
132 195
38 196
211 196
86 197
114 198
123 198
167 198
143 199
193 199
235 199
106 200
171 200
66 201
26 202
51 205
148 204
221 204
201 205
2 206
102 206
180 206
26 207
80 207
156 208
19 210
74 210
43 211
94 212
136 212
232 213
13 214
71 214
133 214
163 214
116 215
128 215
192 215
214 215
170 216
237 217
144 218
197 219
220 219
12 221
85 221
110 221
105 222
176 222
55 225
81 225
228 225
32 226
184 226
4 228
161 228
78 230
213 230
234 230
96 231
191 231
142 232
23 233
48 233
169 233
125 234
134 234
225 236
156 237
118 238
202 238
109 239
178 239
40 240
13 241
236 243
61 244
85 244
98 244
210 244
191 247
33 248
9 253
54 253
148 253
24 254
162 254
4 255
230 256
117 257
211 257
174 258
181 258
44 259
77 259
108 261
190 262
16 264
99 264
31 267
62 268
205 268
8 270
90 270
54 272
140 272
149 272
159 272
171 272
217 273
6 274
49 274
131 274
181 275
112 277
231 277
40 279
106 280
193 280
238 282
29 283
16 285
66 285
94 285
56 286
207 286
171 289
5 290
150 290
55 291
87 291
178 291
140 292
220 292
162 293
46 294
189 294
196 295
234 296
36 297
65 298
99 298
112 298
24 299
12 303
66 306
177 306
186 307
89 308
156 308
167 308
194 308
49 309
138 309
144 309
130 310
203 311
213 311
103 312
94 313
119 313
224 314
82 315
33 316
14 317
235 317
23 318
