188 2
83 3
137 3
24 4
57 4
102 5
176 5
239 6
129 7
166 7
231 9
158 10
219 11
43 12
68 12
90 13
112 13
201 13
8 15
188 16
142 17
32 18
78 19
104 19
55 20
170 21
128 23
237 23
217 24
228 24
26 25
94 25
157 26
47 28
62 29
116 29
191 29
202 29
18 30
147 30
180 32
78 33
135 33
39 35
100 35
166 36
11 39
123 39
158 39
233 39
31 40
47 40
212 40
222 40
63 42
199 42
114 43
87 44
190 45
2 46
180 47
23 48
103 48
135 48
49 50
77 50
167 50
97 51
154 54
237 54
41 55
66 55
206 55
222 56
88 57
116 57
195 57
8 59
105 62
136 62
177 63
30 65
52 65
72 65
127 65
91 67
163 67
21 69
221 69
231 69
117 70
151 71
211 72
45 73
198 73
77 74
108 74
188 75
140 76
180 77
11 80
62 80
32 81
127 81
166 81
90 82
118 83
236 85
24 86
154 86
211 86
223 86
52 87
109 88
145 88
201 88
74 90
191 90
43 92
98 92
180 92
136 93
16 94
63 96
170 96
123 97
161 98
88 99
6 100
207 101
223 101
237 101
54 103
113 103
28 104
150 104
194 104
74 106
104 106
141 106
183 106
18 110
42 110
134 110
95 113
125 113
62 114
168 114
35 115
214 115
239 116
228 117
115 118
205 118
86 119
153 119
24 121
51 121
194 121
1 122
141 124
105 125
180 125
73 126
16 128
42 128
172 128
129 129
96 130
162 131
65 132
225 132
238 132
215 133
6 135
31 135
117 136
154 136
204 136
56 137
193 138
83 140
146 140
23 141
181 142
107 144
139 144
46 145
238 145
131 147
170 147
12 149
67 150
215 150
228 150
97 151
122 154
158 154
202 154
30 156
87 156
189 157
1 158
56 158
147 159
23 160
110 161
77 162
181 162
15 165
140 165
41 167
167 169
209 169
95 170
66 171
128 171
5 172
200 172
28 176
113 178
184 178
56 179
81 179
149 179
229 181
240 181
173 182
217 182
101 185
45 186
140 186
70 187
162 187
201 188
14 189
190 189
130 191
151 192
35 193
6 194
59 194
88 194
120 194
235 194
175 196
222 197
28 199
113 199
78 200
211 200
159 202
103 204
149 204
21 205
45 205
66 205
197 205
94 208
13 210
139 210
56 211
237 211
228 212
179 213
86 214
130 215
4 217
168 217
219 217
211 218
120 219
77 221
200 222
66 223
111 223
145 223
157 223
32 224
194 226
94 228
233 228
22 229
146 231
51 232
182 232
80 234
220 234
130 235
137 235
10 236
207 237
170 238
101 242
160 243
64 244
126 244
1 245
33 245
191 246
90 247
120 248
239 248
230 249
185 250
23 251
114 251
151 251
51 252
221 253
80 254
143 256
212 256
10 258
104 258
171 258
204 259
38 260
133 262
2 264
63 264
95 265
194 265
229 265
160 267
52 269
121 269
82 271
215 271
21 273
184 273
116 274
42 275
148 276
71 277
177 278
200 278
237 278
106 281
225 281
11 282
168 282
59 283
28 284
135 284
49 287
1 288
90 288
153 289
206 289
235 291
36 292
81 292
121 293
190 294
226 295
68 297
144 297
179 297
107 298
25 299
213 299
58 301
8 303
93 305
168 305
200 306
46 307
130 307
157 309
194 310
78 311
228 311
238 311
35 312
117 314
218 314
145 316
186 316
59 318
208 318
19 319
108 320
176 320
