10 2
86 2
76 3
166 3
25 4
91 5
185 5
217 5
6 6
67 6
201 6
31 7
126 7
155 7
238 7
53 10
112 11
188 11
99 12
155 12
70 13
173 13
239 13
141 15
208 15
223 15
20 16
191 16
44 17
114 17
73 19
62 19
159 19
54 21
103 21
147 21
131 22
210 22
177 23
91 24
35 25
161 25
193 25
122 26
148 27
25 29
44 29
65 29
76 29
231 29
58 30
21 31
213 31
106 33
140 33
18 35
151 35
64 36
79 36
92 37
127 37
168 37
200 37
54 38
219 39
49 40
186 40
5 41
46 41
140 42
238 42
80 44
65 45
171 45
28 46
109 46
94 47
2 48
206 48
139 49
28 50
79 50
43 52
66 52
133 53
157 52
226 52
192 53
80 55
173 56
143 58
67 60
97 60
109 60
228 60
38 61
193 61
212 62
2 63
159 63
121 64
83 66
176 66
20 67
51 67
145 67
67 68
136 68
233 69
198 70
25 71
96 73
48 74
162 74
214 74
111 75
80 76
2 77
133 77
27 78
46 78
181 79
200 79
14 80
77 80
148 80
236 80
122 81
60 82
220 84
43 85
77 86
94 86
138 86
40 89
167 89
203 89
50 90
151 90
138 91
10 92
44 92
57 94
63 96
186 96
224 96
36 97
124 97
156 97
23 98
76 98
171 98
207 98
94 99
2 100
50 103
110 104
229 104
73 105
142 105
176 108
191 107
129 108
90 109
190 110
7 112
27 112
143 112
161 112
46 113
212 113
232 113
112 114
127 116
23 118
74 118
177 118
193 119
86 121
40 122
53 123
217 123
63 124
129 126
165 126
148 127
239 127
199 128
219 129
111 131
29 132
101 132
183 133
82 134
149 134
4 135
44 135
120 136
200 137
64 138
23 141
96 142
120 142
166 142
226 142
77 143
108 143
152 144
36 145
133 145
15 147
187 147
58 148
228 150
31 152
169 152
210 152
119 153
135 153
72 155
51 156
90 156
20 160
46 160
104 160
172 160
208 160
234 160
42 161
154 162
64 163
191 164
34 165
120 165
84 166
225 166
138 167
212 167
58 168
29 169
8 170
155 170
174 172
53 173
78 173
118 173
239 173
101 174
215 174
21 176
194 176
11 181
43 181
68 182
95 182
127 182
157 182
139 183
180 184
217 185
6 186
36 187
115 187
232 187
60 188
160 189
27 190
200 191
86 193
142 193
17 195
127 196
181 196
46 197
107 198
225 200
39 202
5 203
74 203
103 204
186 204
63 206
165 206
207 206
124 207
145 207
31 208
20 209
234 209
58 210
13 212
90 212
54 213
119 213
190 213
116 214
49 217
171 217
108 218
152 219
73 220
235 220
37 221
135 221
213 222
22 224
2 225
66 225
101 225
197 225
159 226
9 227
179 227
219 229
90 230
127 230
50 231
81 233
140 233
116 235
150 235
33 238
107 238
202 239
227 239
177 241
65 242
97 242
159 243
233 244
209 245
56 246
80 250
145 250
131 251
151 251
16 252
125 252
215 252
236 252
47 253
112 253
140 253
190 254
36 255
107 255
102 256
8 258
165 258
221 258
67 260
97 261
26 262
70 262
174 262
79 264
84 264
20 265
201 265
59 267
147 267
16 268
135 268
144 268
50 269
122 270
186 270
206 270
13 271
228 271
45 273
112 274
191 274
210 274
100 275
234 276
37 277
87 277
172 278
31 279
200 279
81 281
72 282
155 282
19 284
203 284
134 285
141 285
186 285
13 286
17 286
16 289
61 289
9 290
54 290
120 290
48 293
110 294
37 295
160 296
233 296
166 297
174 297
27 298
99 298
144 299
181 299
188 299
21 302
29 302
138 302
16 303
129 303
203 303
76 304
84 304
210 305
71 307
63 308
54 312
179 313
161 316
172 316
126 317
139 317
148 317
178 317
186 317
116 318
8 319
18 319
43 319
94 319
106 319
32 320
190 320
