137 2
14 3
154 3
7 4
66 5
39 6
192 7
30 8
211 8
95 10
200 10
52 11
218 13
225 13
152 15
240 16
119 17
39 18
47 18
141 18
55 19
100 19
19 20
165 21
193 21
88 22
10 23
209 23
25 24
75 24
225 27
67 28
142 28
217 28
15 30
54 30
100 30
121 30
131 30
110 32
177 32
96 33
45 34
85 34
167 34
191 34
7 35
36 35
78 37
2 38
198 39
203 39
214 39
26 41
61 41
147 42
119 43
136 43
225 43
128 44
98 45
157 45
108 46
233 46
81 47
11 48
49 48
166 48
174 49
187 49
68 52
206 53
31 54
64 54
226 55
143 56
159 57
233 57
21 58
126 58
48 59
93 59
211 59
15 60
86 60
104 60
77 61
168 61
5 62
40 63
182 64
218 66
223 66
59 67
190 67
139 68
26 70
101 70
114 70
127 70
51 71
94 71
80 72
198 72
234 72
86 73
160 74
13 75
40 75
70 75
205 76
170 77
35 78
28 80
62 80
105 80
113 80
216 80
52 82
183 82
4 83
89 83
130 83
141 85
150 85
19 86
191 86
222 86
230 86
73 88
158 88
47 89
100 89
35 93
59 93
200 93
170 94
208 94
124 95
179 96
237 96
27 97
136 97
51 99
104 99
219 99
97 100
140 100
84 101
4 102
110 102
224 103
39 104
75 104
19 105
120 105
168 105
197 107
64 108
129 108
202 109
235 109
28 110
141 112
161 112
180 112
53 113
114 113
88 114
102 114
21 115
188 115
15 116
219 116
148 119
80 120
124 120
172 120
10 121
200 121
226 121
33 122
39 122
132 123
141 124
96 125
105 125
116 125
66 126
183 126
75 127
209 127
58 128
4 129
234 130
147 131
24 132
127 132
48 133
173 133
194 134
220 134
137 136
224 137
18 138
88 138
95 138
102 138
159 138
38 140
42 140
186 140
79 141
70 142
117 142
12 143
207 143
38 146
64 146
97 148
191 148
230 148
9 150
131 150
152 150
171 150
57 151
28 152
88 152
106 153
118 153
137 153
82 154
197 154
4 156
50 156
217 156
145 158
164 159
75 160
218 160
22 161
203 162
239 162
41 163
129 163
105 164
66 165
100 167
173 167
17 168
92 168
111 169
136 169
205 169
35 170
188 170
229 172
11 173
87 174
122 174
157 174
174 174
58 175
194 175
117 176
32 177
208 177
224 179
44 180
79 180
178 180
6 181
127 181
235 181
104 182
25 183
113 183
56 184
196 184
147 186
166 186
41 187
181 187
213 187
232 187
19 188
133 188
200 188
2 189
99 190
53 191
167 193
218 193
74 194
97 194
153 194
181 194
37 195
120 195
138 196
238 197
14 198
93 198
201 199
10 201
54 201
222 201
34 202
71 202
138 202
152 203
187 204
65 205
238 205
137 206
10 207
87 207
49 208
171 208
27 209
107 209
187 211
105 213
205 213
64 214
138 214
87 215
190 215
27 216
6 217
45 217
123 218
224 218
105 219
189 220
172 221
2 222
42 223
136 223
154 223
19 224
58 225
82 225
118 226
99 228
225 228
77 229
117 229
40 231
154 231
174 231
19 232
188 233
210 233
98 234
225 236
74 237
135 237
56 238
171 239
208 240
32 241
113 241
150 242
91 243
208 245
13 246
53 246
131 246
91 247
167 248
186 249
28 250
68 250
151 250
110 253
146 254
210 254
192 256
225 256
44 257
167 257
67 258
7 260
25 260
121 260
183 261
83 264
137 264
225 265
41 265
208 265
64 266
121 269
56 270
96 270
76 273
18 274
119 274
185 274
35 277
136 278
204 278
179 279
51 281
92 281
142 281
188 281
71 283
154 283
205 284
124 285
169 286
240 286
36 287
92 287
110 287
220 288
157 291
179 291
13 292
48 292
69 292
184 292
236 292
139 294
87 295
26 296
200 296
136 297
41 299
102 299
123 299
23 300
82 300
61 301
163 301
5 303
175 303
153 305
236 306
41 307
216 307
61 308
168 308
99 309
135 309
188 311
116 312
76 313
98 314
143 314
31 315
55 315
96 315
128 315
74 317
198 317
213 317
93 318
16 319
143 319
185 320
