98 1
145 1
207 1
47 5
91 6
131 6
174 6
12 8
61 11
121 11
160 11
81 12
210 12
32 14
196 14
238 14
1 15
54 15
141 15
226 17
106 18
180 18
46 20
127 20
218 20
69 21
166 21
155 23
205 23
114 25
11 26
149 26
235 26
34 27
94 27
57 28
188 28
138 29
220 30
85 32
23 34
119 34
174 34
74 35
158 37
41 39
236 39
14 40
144 40
67 41
101 42
213 42
228 42
199 43
137 44
56 47
89 47
185 47
3 48
27 49
121 49
169 50
78 51
110 54
155 55
43 56
145 56
67 58
222 58
234 58
209 59
14 60
99 60
134 60
39 61
192 62
88 64
54 65
173 65
123 66
27 68
80 68
159 68
1 70
110 71
43 72
222 72
70 73
233 73
21 74
142 75
200 75
210 75
35 77
186 77
95 78
58 79
127 81
76 82
167 82
6 84
90 85
158 85
45 86
27 87
113 88
226 88
148 89
203 89
216 89
231 90
63 91
136 93
35 94
183 94
16 96
74 96
175 96
97 97
126 98
163 100
50 101
67 103
89 103
118 103
153 103
43 104
225 104
238 104
24 105
212 105
197 106
4 108
61 108
109 108
187 109
21 110
140 110
38 111
79 111
179 112
55 114
130 115
72 117
96 117
160 117
122 118
194 118
221 118
207 119
231 119
11 120
27 120
149 121
240 121
41 124
86 124
115 125
61 126
3 129
19 129
105 129
137 129
77 130
186 131
218 131
32 132
195 132
53 133
177 133
209 133
232 135
168 136
127 137
157 137
238 137
10 140
46 140
68 141
95 142
141 143
184 146
197 146
19 147
213 147
39 148
88 148
171 148
225 149
115 150
236 151
59 152
33 153
156 153
82 155
7 157
107 158
129 158
55 159
193 159
29 160
144 160
209 160
221 161
178 165
101 166
130 168
165 168
212 168
24 169
46 169
75 169
204 169
236 170
6 173
62 173
149 173
95 174
221 175
157 176
124 178
92 180
18 181
37 181
55 181
228 181
70 182
1 183
118 183
148 183
197 184
184 185
207 187
235 187
178 189
33 190
14 191
141 191
215 191
66 192
113 193
87 194
47 196
158 195
223 195
239 196
116 197
137 199
28 200
9 201
195 201
65 204
179 204
226 204
209 205
111 206
24 208
172 209
42 210
135 210
84 211
167 212
171 212
206 213
61 215
190 215
3 216
225 216
102 218
139 219
39 220
82 220
115 221
20 222
60 222
142 225
208 226
188 227
226 227
153 228
59 229
81 229
114 229
164 229
176 231
201 233
37 234
124 234
223 234
17 235
55 237
195 239
101 239
135 240
190 241
83 242
217 242
60 244
144 245
15 246
35 247
107 247
175 247
185 247
163 249
212 249
240 249
63 250
57 251
155 251
235 252
91 253
12 255
37 255
118 255
61 257
126 257
201 258
225 261
94 263
126 263
192 263
140 264
231 265
8 266
71 267
220 267
23 268
39 268
176 268
104 270
156 270
168 270
185 270
52 273
78 273
7 274
160 274
153 275
208 275
137 277
229 277
108 278
58 281
80 281
117 281
88 282
201 282
6 283
24 283
163 287
216 287
41 288
186 288
62 291
151 291
133 292
118 293
8 294
175 294
233 294
26 295
91 295
189 295
99 297
201 298
229 298
158 299
48 300
107 302
70 304
28 305
81 305
117 305
221 305
192 306
239 307
136 308
11 309
52 310
79 310
214 310
119 312
165 312
88 314
135 314
144 314
154 314
229 314
32 315
206 317
177 318
13 319
63 319
115 319
