126 1
230 1
180 2
77 4
237 4
18 6
174 6
194 6
109 7
201 8
208 8
99 10
184 10
4 11
61 14
221 14
89 15
130 15
230 16
20 18
48 20
77 20
238 20
110 21
164 21
191 22
36 24
104 24
207 24
144 25
4 26
131 29
216 29
65 30
92 30
26 31
124 31
226 32
86 34
185 34
176 35
110 36
152 37
144 38
203 38
237 38
12 39
55 39
137 39
81 41
129 42
212 43
49 44
91 46
109 50
229 50
70 51
177 51
163 52
191 53
38 56
126 56
201 57
92 58
209 58
60 59
119 60
215 62
143 63
55 64
27 65
81 65
110 65
223 65
25 68
136 68
168 69
184 69
194 70
52 71
75 71
101 71
126 72
234 72
202 74
67 76
96 76
122 77
209 77
39 79
240 79
92 80
64 81
116 82
141 84
6 85
181 85
219 85
85 87
112 87
30 89
171 89
194 89
58 92
201 92
3 93
228 93
80 94
164 95
126 96
26 98
100 100
140 100
158 100
209 100
235 100
50 101
76 101
187 102
176 104
2 105
74 105
183 106
217 107
46 108
136 108
116 109
7 110
196 110
23 111
220 111
94 112
154 112
70 113
6 114
174 115
197 116
39 117
116 117
227 118
92 119
135 120
1 121
21 122
45 122
114 123
202 123
68 124
158 124
179 124
90 126
205 126
233 126
17 128
43 129
158 129
182 129
115 130
135 131
39 132
209 132
236 132
91 133
64 135
184 135
137 136
14 137
39 138
164 138
139 140
90 141
190 141
119 142
218 142
63 143
139 145
16 147
193 147
10 148
122 149
168 149
65 150
117 150
92 153
227 153
119 155
201 157
38 158
172 158
67 161
96 161
126 163
204 163
236 163
181 165
36 166
10 167
154 168
94 169
218 171
37 172
101 172
95 174
104 175
183 175
189 177
161 178
224 179
37 183
109 183
76 184
199 184
231 184
11 186
46 187
171 187
237 187
112 188
143 188
77 189
116 191
48 192
176 193
83 194
145 194
206 194
118 195
15 196
215 196
53 197
183 198
87 199
219 199
153 200
57 202
51 203
90 203
223 204
158 205
29 206
232 206
196 207
97 209
239 209
133 211
30 212
68 212
3 213
169 213
106 214
39 216
19 218
13 219
77 220
145 220
150 220
212 220
173 221
180 222
219 222
47 223
117 223
227 223
85 224
148 224
191 226
239 227
54 228
154 228
126 230
30 232
205 233
94 234
162 234
137 235
15 236
27 236
34 238
66 238
217 238
40 241
171 241
111 242
75 243
226 243
240 244
46 246
80 246
183 247
53 249
123 249
190 250
133 251
199 251
16 252
142 253
151 253
97 254
209 254
29 255
102 256
158 256
105 257
58 258
166 258
217 258
228 258
51 259
114 259
63 260
222 260
74 264
121 264
185 264
9 265
16 266
85 266
140 267
132 268
208 269
79 270
26 271
92 271
146 271
159 274
51 275
175 277
228 277
166 278
223 278
235 278
114 279
194 279
63 280
186 280
210 280
32 284
81 285
136 285
40 286
89 287
145 287
48 288
104 291
111 294
155 294
163 294
120 295
233 295
171 296
181 296
190 296
198 296
68 299
213 299
141 300
202 300
79 301
57 302
99 306
234 308
117 311
139 313
154 313
82 314
57 316
173 316
192 317
212 318
225 318
205 319
